################################################################################
# Query made at 04/17/2022 11:24:57 UTC
# Country like Zamb*
# Time interval: from 02/01/2008 05:30  to 03/02/2008 05:30  UTC
################################################################################

################################################################################
#  SYNOPS from 67403, Kawambwa (Zambia) | 09-48S | 029-05E | 1323 m
################################################################################
200802080600 AAXX 08064 67403 12480 70801 10202 20176 48571 60074 82530
                   333 10245 2//// 59001 82610 85363=

################################################################################
#  SYNOPS from 67413, Mbala (Zambia) | 08-51S | 031-20E | 1673 m
################################################################################
200802270600 AAXX 27064 67413 12480 20910 10205 20166 48543 69904 82501
                   333 10277 20185 58004 82620 81080=
200802130600 AAXX 13064 67413 12980 70000 10160 20152 48542 60224 8707/
                   333 10210 20120 58006 87360=
200802120900 AAXX 12094 67413 42470 72806 10180 20164 48529 878//
                   333 58010 83615 85820=
200802120600 AAXX 12064 67413 11150 80000 10155 20155 48536 60264 70444 887//
                   333 10245 20140 58000 88702=
200802110600 AAXX 11064 67413 12980 70000 10165 20157 48539 60404 8707/
                   333 10235 20145 59006 87459=
200802080600 AAXX 08064 67413 32980 70000 10175 20159 48532 60154 8707/
                   333 10180 20175 59009 87459=

################################################################################
#  SYNOPS from 67441, Mwinilunga (Zambia) | 11-45S | 024-26E | 1361 m
################################################################################
200802290600 AAXX 29064 67441 11480 72305 10165 20157 48552 60124 72999 8117/
                   333 10285 20148 59009 81815 87360=
200802270600 AAXX 27064 67441 12480 70000 10172 20169 48561 60024 8117/
                   333 10270 20160 59010 81815 87360=
200802250600 AAXX 25064 67441 11380 83303 10177 20166 48567 60044 72199 8467/
                   333 10285 20156 5//// 84708 88360=
200802220600 AAXX 22064 67441 11960 70000 10206 20173 48543 60134 76162 8702/
                   333 10267 20160 59003 87460=
200802190600 AAXX 19064 67441 11960 80000 10175 20175 48555 60184 76166 8802/
                   333 10285 20158 58002 88458=
200802151200 AAXX 15124 67441 42680 20906 10290 20133 48518 81101
                   333 58008 81835 81080=
200802130600 AAXX 13064 67441 11902 80000 10165 20165 48552 60054 74644 86030
                   333 10245 20130 59001 86360=
200802120900 AAXX 12094 67441 41960 80000 10182 20176 48558 76166 8802/
                   333 58012 88458=
200802120600 AAXX 12064 67441 11980 80000 10175 20175 48553 60114 76166 8802/
                   333 10270 20162 58004 88458=
200802110600 AAXX 11064 67441 11480 70000 10182 20177 48549 60064 72846 8123/
                   333 10276 20159 59010 81815 87360=

################################################################################
#  SYNOPS from 67461, Mansa (Zambia) | 11-06S | 028-51E | 1382 m
################################################################################
200802261200 AAXX 26124 67461 42780 51002 10270 20159 48503 84230
                   333 59002 84850 82360=
200802190600 AAXX 19064 67461 12380 72702 10205 20190 48520 60024 85508
                   333 10258 20170 58005 85606 87280=
200802130600 AAXX 13064 67461 32380 30000 10195 20174 48529 82530
                   333 10265 20150 58001 82606 81361=
200802110600 AAXX 11064 67461 32580 80000 10185 20172 48529 8357/
                   333 10265 20163 59001 83620 88461=
200802080600 AAXX 08064 67461 12580 60000 10180 20172 48513 60124 83538
                   333 10220 20137 59007 83620 84362 85280=

################################################################################
#  SYNOPS from 67475, Kasama (Zambia) | 10-13S | 031-08E | 1382 m
################################################################################
200802290600 AAXX 29064 67475 32980 70306 10200 20164 48523 81038
                   333 10292 20147 59010 81361 87280=
200802220600 AAXX 22064 67475 12480 70803 10285 20162 48525 60174 8157/
                   333 10249 20156 59003 81616 87460=
200802190600 AAXX 19064 67475 32980 60305 10206 20171 48516 84032
                   333 10292 20154 59006 84361 85280=
200802120600 AAXX 12064 67475 11478 80404 10176 20162 48527 60084 70352 8557/
                   333 10270 20163 59002 85612 88460=
200802080600 AAXX 08064 67475 12480 73003 10170 20165 48517 60074 8257/
                   333 10192 20161 59001 82610 87360=
200802070900 AAXX 07094 67475 41350 83308 10173 20173 48515 71555 8577/
                   333 59006 85708 88460=
200802060900 AAXX 06094 67475 42580 73003 10241 20163 48525 8423/
                   333 59007 84825 87361=
200802060600 AAXX 06064 67475 32480 70000 10187 20173 48529 8157/
                   333 10243 20162 59004 81610 87360=

################################################################################
#  SYNOPS from 67476, Misamfu (Zambia) | 10-06S | 031-15E | 1536 m
################################################################################
200802250600 AAXX 25064 67476 11960 83408 10160 20152 48/// 60444 76366 8807/
                   333 10300 20147 58016 88459=
200802130600 AAXX 13064 67476 12980 70000 10202 20177 48/// 60064 87030
                   333 10240 20146 59001 87360=
200802120600 AAXX 12064 67476 12380 80000 10180 20169 48/// 60064 8577/
                   333 10267 20163 58000 85706 88459=
200802110600 AAXX 11064 67476 11360 70306 10183 20165 48/// 69904 70602 877//
                   333 10261 20162 59002 87706=

################################################################################
#  SYNOPS from 67477, Mpika (Zambia) | 11-54S | 031-26E | 1400 m
################################################################################
200802270600 AAXX 27064 67477 12980 10000 10215 20185 48534 60044 80001
                   333 10261 20136 58008 81080=
200802220600 AAXX 22064 67477 11380 72402 10180 20173 48519 60094 72162 8357/
                   333 10262 20155 59004 83608 87360=

################################################################################
#  SYNOPS from 67531, Zambezi (Zambia) | 13-32S | 023-07E | 1077 m
################################################################################
200802290600 AAXX 29064 67531 32980 43302 10210 20192 48/// 82031
                   333 10300 20168 59008 82363 83082=
200802270600 AAXX 27064 67531 11980 70000 10201 60014 70262 8707/
                   333 10296 20180 58008 87361=
200802250600 AAXX 25064 67531 11310 80601 10181 20179 48/// 60174 79796 8477/
                   333 10311 20175 58033 84708 88360=
200802220600 AAXX 22064 67531 32680 70602 10203 20191 48/// 8123/
                   333 10298 20170 59011 81838 87363=
200802130600 AAXX 13064 67531 32980 10503 10203 20184 48/// 81030
                   333 10296 20151 58002 81360=
200802120900 AAXX 12094 67531 42580 70604 10245 20185 48/// 8787/
                   333 58003 85825 84625=
200802120600 AAXX 12064 67531 12380 60303 10201 20168 48/// 69904 83670
                   333 10292 20177 59009 81706 82612 85363=
200802110600 AAXX 11064 67531 12380 11303 10216 20194 48/// 60154 81630
                   333 10291 20164 59014 81708 81363=
200802080900 AAXX 08094 67531 42580 43605 10256 20188 48/// 82130
                   333 59019 82829 83363=
200802080600 AAXX 08064 67531 32980 70000 10191 20195 48/// 8703/
                   333 10259 20155 59018 87362=
200802070900 AAXX 07094 67531 42480 73608 10216 20177 48/// 875//
                   333 59015 87618=
200802060900 AAXX 06094 67531 41380 80000 10208 20197 48/// 76166 8577/
                   333 58011 85707 88460=
200802060600 AAXX 06064 67531 11980 70000 10190 20184 48/// 60024 76066 8707/
                   333 10263 20180 58005 87360=
200802040600 AAXX 04064 67531 11365 81202 10194 20189 48/// 60034 79599 8577/
                   333 10285 20185 58004 85706 819// 88460=

################################################################################
#  SYNOPS from 67551, Solwezi (Zambia) | 12-11S | 026-23E | 1386 m
################################################################################
200802120900 AAXX 12094 67551 41580 70000 10190 20172 48529 72166 8557/
                   333 59006 85608 87362=
200802120600 AAXX 12064 67551 11376 70000 10171 20171 48520 60074 76066 8657/
                   333 10261 20169 58004 86707 87362=
200802110600 AAXX 11064 67551 32380 71006 10180 20173 48518 8657/
                   333 10266 20156 59009 86609 87362=
200802080600 AAXX 08064 67551 32980 43102 10171 20155 48506 81031
                   333 10266 20140 59016 81362 84080=
200802070900 AAXX 07094 67551 42480 73605 10212 20178 48524 8617/
                   333 59005 86812 87362=

################################################################################
#  SYNOPS from 67561, Ndola (Zambia) | 13-00S | 028-39E | 1269 m
################################################################################
200803010400 AAXX 01044 67561 41975 72603 10168 20156 48513 70522 8707/
                   333 59002 87460=
200802290600 AAXX 29064 67561 11209 70000 10188 20186 48520 60024 74241 85632
                   333 10309 20163 59014 85703 82361 82080=
200802270600 AAXX 27064 67561 11970 70000 10186 20178 48532 60134 70522 8703/
                   333 10293 20161 58005 87360=
200802250600 AAXX 25064 67561 11270 70000 10193 20181 48536 60034 70522 85630
                   333 10315 20170 58014 85705 87360=
200802210600 AAXX 21064 67561 11975 70000 10190 20184 48522 60054 70522 87080
                   333 10285 20170 58004 87080=
200802201200 AAXX 20124 67561 41675 70406 10268 20183 48503 71722 8293/
                   333 58018 82737 83837 85360=
200802190600 AAXX 19064 67561 31970 60000 10188 20166 48517 70522 86030
                   333 10308 20155 59007 86360=
200802140600 AAXX 14064 67561 31960 30000 10205 20181 48528 70500 80002
                   333 10310 20155 58002 83080=
200802130600 AAXX 13064 67561 31970 10000 10198 20124 48526 70500 81030
                   333 10279 20150 58004 81361=
200802121200 AAXX 12124 67561 42680 70000 10259 20154 48507 878//
                   333 59014 84832=
200802120600 AAXX 12064 67561 32980 70305 10171 20147 48520 87030
                   333 10264 20135 59010 87360=
200802110600 AAXX 11064 67561 12480 51213 10155 20132 48532 69914 81132
                   333 10263 20160 59004 81811 82361 83080=
200802080600 AAXX 08064 67561 31002 90000 10182 20181 48512 74742
                   333 10292 20168 59006 89/00=
200802060900 AAXX 06094 67561 41370 70000 10202 20192 48520 72165 8163/
                   333 59001 81707 87215 87360=
200802060600 AAXX 06064 67561 11165 82207 10191 20187 48521 20175 58000 87702 88459=
200802010600 AAXX 01064 67561 11370 70000 10179 20173 48502 60694 76166 81732
                   333 10298 20166 59019 81707 86359 82080=

################################################################################
#  SYNOPS from 67563, Kafironda (Zambia) | 12-36S | 028-07E | 1243 m
################################################################################
200802130600 AAXX 13064 67563 32980 20802 10204 20190 48/// 82030
                   333 10276 20142 58003 82359=
200802120600 AAXX 12064 67563 12880 60302 10178 20160 48/// 69904 86070
                   333 10267 20141 59010 86357=
200802110600 AAXX 11064 67563 32380 41204 10204 20170 48/// 83601
                   333 10259 20161 58000 82708 82080=
200802081200 AAXX 08124 67563 41580 52702 10285 20140 48/// 71792 81932
                   333 59031 81925 85840 82360 81080=
200802080600 AAXX 08064 67563 32380 20901 10208 20190 48/// 81530
                   333 10278 20143 59009 81703 82360=
200802070900 AAXX 07094 67563 41580 70302 10244 20180 48/// 70262 85270
                   333 59011 85825 86360=
200802060900 AAXX 06094 67563 41965 80000 10196 48/// 76165 8807/
                   333 58000 88358=

################################################################################
#  SYNOPS from 67571, Serenje (Zambia) | 13-14S | 030-13E | 1384 m
################################################################################
200802261200 AAXX 26124 67571 41680 71203 10223 20159 48503 71796 86238
                   333 58008 81930 86835 83359 87280=
200802250600 AAXX 25064 67571 32480 70000 10188 20163 48531 82238
                   333 10285 20152 58014 82820 81360 87280=
200802151200 AAXX 15124 67571 42584 11206 10265 20127 48494 81101
                   333 59013 81825 81080=
200802120600 AAXX 12064 67571 32984 30903 10200 20130 48512 83030
                   333 10248 20140 59015 83360=
200802110600 AAXX 11064 67571 11470 71506 10175 20159 48531 60024 71022 875//
                   333 10246 20154 59011 87617=

################################################################################
#  SYNOPS from 67580, Msekera (Zambia) | 13-39S | 032-34E | 1025 m
################################################################################
200802290600 AAXX 29064 67580 12984 70000 10234 20196 48/// 60044 84038
                   333 10318 20173 59009 84360 85280=
200802201200 AAXX 20124 67580 41680 72003 10296 20184 48/// 71722 85238
                   333 58011 81940 84845 81362 87280=
200802151200 AAXX 15124 67580 42784 60000 10292 20149 48/// 86101
                   333 59016 86856 82080=
200802130600 AAXX 13064 67580 32984 10000 10230 20177 48/// 81030
                   333 10287 20153 58005 81360=
200802120900 AAXX 12094 67580 42684 50000 10255 20153 48/// 85100
                   333 59011 85840=
200802120600 AAXX 12064 67580 32984 11502 10213 20159 48/// 81031
                   333 10261 20153 59015 81360 81080=
200802081200 AAXX 08124 67580 41680 70000 10218 20202 48/// 72993 8127/
                   333 58012 81920 87460=
200802080900 AAXX 08094 67580 41680 72703 10253 20194 48/// 71522 8628/
                   333 58005 81930 85835 87360=
200802080600 AAXX 08064 67580 11482 70000 10217 20199 48/// 60104 82162
                   333 10277 20177 59001 84815 87360=
200802060900 AAXX 06094 67580 42682 71803 10259 20193 48/// 8627/
                   333 59009 86835 87360=

################################################################################
#  SYNOPS from 67581, Chipata (Zambia) | 13-33S | 032-35E | 1028 m
################################################################################
200802290600 AAXX 29064 67581 12984 10802 10242 20182 48532 60094 81031
                   333 10310 20179 59010 81360 81080=
200802261200 AAXX 26124 67581 42680 52905 10282 20186 48520 85202
                   333 58009 85845 81080=
200802220600 AAXX 22064 67581 12684 63601 10210 20186 48528 60024 82530
                   333 10295 20173 59005 82630 85360=
200802121200 AAXX 12124 67581 42684 53502 10260 20150 48511 85200
                   333 59006 85840=
200802120600 AAXX 12064 67581 32980 21705 10220 20172 48526 81032
                   333 10267 20180 59017 81360 81080=
200802110600 AAXX 11064 67581 12484 51106 10206 20152 48539 60144 83132
                   333 10275 20179 58000 83818 82361 81080=
200802080600 AAXX 08064 67581 12582 60000 10222 20192 48521 60244 81132
                   333 10278 20181 59002 82328 83828 84360 81080=
200802060600 AAXX 06064 67581 12482 70000 10205 20197 48532 60364 8157/
                   333 10242 20191 58000 81610 87460=

################################################################################
#  SYNOPS from 67583, Lundazi (Zambia) | 12-17S | 033-12E | 1143 m
################################################################################
200802290600 AAXX 29064 67583 32980 23001 10240 20196 82032
                   333 10256 20155 59011 82360 81080=
200802261200 AAXX 26124 67583 41680 70403 10280 20175 48/// 71522 85238
                   333 59016 81948 84848 81360 86280=
200802130600 AAXX 13064 67583 32580 30000 10230 20191 48/// 83500
                   333 10280 20179 58004 83625=
200802120900 AAXX 12094 67583 42680 40602 10250 20147 48/// 84102
                   333 59005 84835 81080=
200802120600 AAXX 12064 67583 12680 20903 10220 20163 48/// 69904 81132
                   333 10260 20152 59009 81835 81360 81080=
200802110600 AAXX 11064 67583 12580 83604 10200 20175 48/// 60214 885//
                   333 10275 20165 5//// 88620=

################################################################################
#  SYNOPS from 67599, Mfuwe (Zambia) | 13-16S | 031-56E | 568 m
################################################################################
200802290600 AAXX 29064 67599 12980 10000 10250 20221 48537 69904 81080
                   333 10350 20//0 59014 81360=
200802280600 AAXX 28064 67599 32980 10000 10240 20203 48544 81030
                   333 10345 20//0 58000 81360=
200802270600 AAXX 27064 67599 32480 20000 10240 20217 48545 81131
                   333 10330 20//0 59004 81810 81360 82080=
200802261200 AAXX 26124 67599 42580 50000 10305 20213 48537 84202
                   333 58010 84828 82080=
200802260900 AAXX 26094 67599 42580 40000 10275 20210 48547 70322 82232
                   333 59005 82820 81360 83080=
200802260600 AAXX 26064 67599 12480 40000 10225 20203 48542 60134 70242 84530
                   333 10332 20//0 58001 84610 82360=
200802250600 AAXX 25064 67599 12480 60000 10225 20210 48541 60024 82132
                   333 10345 20/// 58007 82812 83360 85080=
200802230600 AAXX 23064 67599 12480 60000 10235 20213 48542 60264 81932
                   333 10320 20//0 59002 819// 83812 82360 83080=
200802210600 AAXX 21064 67599 12480 80000 10225 20218 48540 60074 885//
                   333 10325 20/// 58013 88610=
200802201500 AAXX 20154 67599 42580 63604 10310 20226 48521 81937
                   333 58012 81922 87825 83360 84280=
200802200900 AAXX 20094 67599 42480 73605 10270 20213 48545 875//
                   333 58016 87615=
200802190600 AAXX 19064 67599 12980 70000 10245 20216 48524 69904 82038
                   333 10345 20/// 59020 82360 86280=
200802151200 AAXX 15124 67599 42680 30000 10320 20181 48525 82102
                   333 59015 82840 82080=
200802150600 AAXX 15064 67599 32980 20000 10210 20179 48529 80002
                   333 10335 2020/// 59009 82080=
200802140600 AAXX 14064 67599 32980 20000 10230 20193 48544 80002
                   333 10345 20110 58006 82080=
200802131200 AAXX 13124 67599 42680 40000 10325 20206 48536 84200
                   333 59004 84835 91014=
200802130600 AAXX 13064 67599 32980 20000 10230 20201 48539 82030
                   333 10330 20120 59002 82360=
200802121200 AAXX 12124 67599 42680 40000 10299 20181 48531 83130
                   333 59007 81360=
200802120900 AAXX 12094 67599 42580 30000 10275 20184 48547 82132
                   333 59011 82825 81360 81360 81080=
200802120600 AAXX 12064 67599 32980 20000 10210 20179 48534 81032
                   333 10305 20115 59013 81360 82080=
200802110600 AAXX 11064 67599 32480 32108 10230 20193 48552 82530
                   333 10320 20130 59004 82612 82360=
200802080600 AAXX 08064 67599 12380 70000 10230 20216 48529 60034 70322 877//
                   333 10320 20160 59002 87706=
200802071200 AAXX 07124 67599 41580 60000 10240 20203 48496 71796 81930=
200802070900 AAXX 07094 67599 42580 60000 10270 20213 48230 84230
                   333 59012 84820 82360=
200802060900 AAXX 06094 67599 42580 70000 10265 20222 48542 8423/
                   333 59004 84820 86360=
200802010600 AAXX 01064 67599 32480 70000 10235 20213 48527 8353/
                   333 10260 20176 59013 83610 87360=

################################################################################
#  SYNOPS from 67625, Kalabo (Zambia) | 14-51S | 022-42E | 1033 m
################################################################################
200802130600 AAXX 13064 67625 12682 23410 10235 20208 48/// 60394 82130
                   333 10296 20167 58005 82842 81360=
200802080600 AAXX 08064 67625 32682 53609 10231 20201 48/// 81131
                   333 10261 20197 59008 81845 84360 82080=

################################################################################
#  SYNOPS from 67633, Mongu (Zambia) | 15-15S | 023-09E | 1052 m
################################################################################
200802270600 AAXX 27064 67633 12980 70606 10216 20190 48527 69904 8707/
                   333 10282 20180 59003 87460=
200802261200 AAXX 26124 67633 41680 72702 10262 20183 48516 71799 83332
                   333 58014 81930 83830 81360 84080=
200802250600 AAXX 25064 67633 12982 70904 10220 20198 48523 60164 84078
                   333 10313 20195 58011 84360 87280=
200802190600 AAXX 19064 67633 12982 70802 10225 20196 48510 69904 8707/
                   333 10298 20182 59021 87360=
200802151200 AAXX 15124 67633 42682 62803 10281 20194 48508 84202
                   333 59001 81930 84830 83080=
200802130600 AAXX 13064 67633 32582 23604 10234 20205 48517 82500
                   333 10295 20194 58003 82620=
200802120900 AAXX 12094 67633 42682 33610 10256 20196 48521 83230
                   333 59013 83820 82361=
200802110600 AAXX 11064 67633 12582 40906 10204 20193 48527 60114 81520
                   333 10280 20189 58003 81620 84360=
200802081200 AAXX 08124 67633 42680 63605 10285 20189 48494 83232
                   333 59001 81930 83830 82360 83080=
200802080900 AAXX 08094 67633 42582 60608 10266 20191 48507 83232
                   333 59003 83825 83361 84080=
200802070900 AAXX 07094 67633 42582 33604 10260 20188 48510 83230
                   333 5//// 83830 86369=
200802060600 AAXX 06064 67633 12482 70906 10210 20188 48525 69954 8457/
                   333 10275 20195 58006 84615 87460=
200802040600 AAXX 04064 67633 12482 70904 10215 20195 48514 60174 8567/
                   333 10231 20186 58006 85710 83356 82456=

################################################################################
#  SYNOPS from 67641, Kaoma (Zambia) | 14-48S | 024-48E | 1213 m
################################################################################
200802290600 AAXX 29064 67641 12982 41201 10234 20189 48515 69904 81032
                   333 10303 20172 59012 81360 84080=
200802261200 AAXX 26124 67641 41680 40102 10251 20204 48505 71798 84202
                   333 58007 81940 83840 81080=
200802220600 AAXX 22064 67641 32982 32101 10260 20191 48504 81032
                   333 10296 20182 59005 81360 82080=
200802151200 AAXX 15124 67641 42682 41201 10287 20183 48504 84200
                   333 59006 81940 83845=
200802110600 AAXX 11064 67641 12582 20902 10190 20188 48519 69934 81532
                   333 10277 20177 59012 81630 82360 81080=
200802080600 AAXX 08064 67641 12582 41901 10210 20195 48497 69914 81532
                   333 19394 20190 59015 81630 82360 83080=
200802060600 AAXX 06064 67641 12582 70901 10204 20187 48515 69934 81530
                   333 10253 20185 58002 81620 86360=

################################################################################
#  SYNOPS from 67655, Mumbwa (Zambia) | 15-04S | 027-11E | 1216 m
################################################################################
200802270600 AAXX 27064 67655 32880 72802 10188 20159 48543 82038
                   333 10290 20114 58014 82357 85275=

################################################################################
#  SYNOPS from 67659, Kafue Polder (Zambia) | 15-46S | 027-55E | 978 m
################################################################################
200802290600 AAXX 29064 67659 32980 60000 10240 20196 48/// 85032
                   333 10312 20//0 59011 85361 82080=
200802250600 AAXX 25064 67659 32980 70906 10206 20178 48/// 8707/
                   333 10295 20/// 5//// 87460=
200802081200 AAXX 08124 67659 42580 60000 10286 20202 48/// 85231
                   333 59006 85820 81360 81080=

################################################################################
#  SYNOPS from 67663, Kabwe (Zambia) | 14-27S | 028-28E | 1206 m
################################################################################
200802270600 AAXX 27064 67663 32980 70602 10195 20177 48525 86082
                   333 10280 20161 58001 86360 83080=
200802110600 AAXX 11064 67663 32380 40907 10191 20162 48542 82632
                   333 10239 20161 59009 82708 86217 81360 81080=
200802080600 AAXX 08064 67663 32980 20902 10209 20180 48505 82082
                   333 10287 20171 59010 82360 81080=
200802060600 AAXX 06064 67663 11480 71402 10188 20178 48511 60124 84530
                   333 10238 20184 58005 84612 86360=

################################################################################
#  SYNOPS from 67665, Lusaka Internationalairport (Zambia) | 15-19S | 028-27E | 1152 m
################################################################################
200803011800 AAXX 01184 67665 41780 70000 10210 20//0 48515 71322 81902
                   333 10265 58016 81950 86080=
200803011500 AAXX 01154 67665 42680 71106 10225 20180 48506 70222 81902
                   333 58005 81940 83840 86080
                   555 10265=
200803011200 AAXX 01124 67665 42580 70909 10248 20178 48525 70322 81902
                   333 58006 81925 84830 85080 91019=
200803010600 AAXX 01064 67665 12380 61002 10202 20167 48542 60034 81532
                   333 10280 20169 81609 85360 83080=
200803010400 AAXX 01044 67665 42960 70000 10175 20175 48521 85360
                   333 58004 85360 84080=
200803010300 AAXX 01034 67665 41360 70000 10172 20172 48528 70692 8193/
                   333 58011 81959 86360=
200802292100 AAXX 29214 67665 41858 63102 10191 20191 48545 79592 81972
                   333 58024 81957 85460 84080=
200802290900 AAXX 29094 67665 42580 51204 10251 20206 48543 85201
                   333 59004 85820 84080=
200802290600 AAXX 29064 67665 32970 60000 10220 20180 48533 70500 80031
                   333 10307 20179 59011 81360 86080=
200802290000 AAXX 29004 67665 41960 60000 10177 20177 48534 71339 81931
                   333 58008 81759 85360 82080=
200802281500 AAXX 28154 67665 42780 50709 10269 20197 48506 82202
                   333 58007 82850 85080=
200802281200 AAXX 28124 67665 42680 52402 10292 20185 48528 84202
                   333 58002 84842 81080=
200802271200 AAXX 27124 67665 42680 63102 10284 20163 48524 84201
                   333 59006 84837 85080=
200802270600 AAXX 27064 67665 32980 50000 10194 20178 48542 82032
                   333 10289 20159 58007 82360 85080=
200802261200 AAXX 26124 67665 42680 40607 10277 20167 48528 84201
                   333 59001 84845 83080=
200802260900 AAXX 26094 67665 42680 60303 10246 20179 48539 84201
                   333 59006 84832 85080=
200802260600 AAXX 26064 67665 32980 50901 10201 20182 48538 85001 10307 20165 59015 85078=
200802251200 AAXX 25124 67665 42680 60706 10273 20164 48527 83208
                   333 58007 83845 86280=
200802250600 AAXX 25064 67665 12480 61408 10197 20186 48553 69904 81573
                   333 10281 20171 58027 81615 84359 83080=
200802250400 AAXX 25044 67665 41/80 10000 10163 20//0 48521 71300 81930
                   333 58004 819// 81359=
200802250300 AAXX 25034 67665 41/80 10000 10159 20//0 48515 58003 71300 81930
                   333 819// 81359=
200802242100 AAXX 24214 67665 42780 20000 10190 20//0 48520 81930
                   333 59007 81950 81360=
200802240600 AAXX 24064 67665 32980 20000 10213 20198 48528 81031
                   333 10306 20187 59007 81360 82080=
200802230900 AAXX 23094 67665 42580 53503 10247 20200 48542 85200
                   333 58009 85825=
200802230600 AAXX 23064 67665 12480 10000 10201 20190 48533 60044 81501
                   333 10273 20168 58004 81610 81080=
200802221800 AAXX 22184 67665 42980 20000 10207 20//0 48506 81031
                   333 10273 59006 81360 82080=
200802221500 AAXX 22154 67665 41660 51005 10233 20193 48496 76162 81932
                   333 59004 81945 83360 84080=
200802221200 AAXX 22124 67665 42680 60905 10252 20189 48512 85202
                   333 59004 85842 81080=
200802220600 AAXX 22064 67665 12480 70000 10206 20195 48529 60024 85232
                   333 19276 20177 59008 85610 83825 83360 85080=
200802211800 AAXX 21184 67665 42980 30000 10214 20//0 48511 81931
                   333 10276 59001 81958 83360 83080=
200802210600 AAXX 21064 67665 11459 70000 10182 20182 48533 60474 79599 8197/
                   333 10294 20167 58007 82710 81925 84628 87459=
200802202100 AAXX 20214 67665 42980 30000 10203 20//0 48527 71022 81932
                   333 58004 81959 82360 82080=
200802201800 AAXX 20184 67665 41980 40000 10224 20//0 48518 71322 81932
                   333 10294 58003 81959 83360 82080=
200802201500 AAXX 20154 67665 42780 40000 10281 20174 48502 84232
                   333 59001 81950 84850 83360 83080=
200802201200 AAXX 20124 67665 42680 50705 10280 20174 48520 85202
                   333 58009 85840 83080 91017=
200802200900 AAXX 20094 67665 42570 60605 10255 20196 48535 85232
                   333 58011 82824 85825 82360 86080=
200802190900 AAXX 19094 67665 42580 50000 10259 20193 48527 85202
                   333 59016 85825 84280=
200802190600 AAXX 19064 67665 32380 30000 10212 20192 48527 81131
                   333 10299 20162 59014 81810 83360 82080=
200802190400 AAXX 19044 67665 42/80 31103 10174 20//0 48508 81930
                   333 59013 819// 83360=
200802190300 AAXX 19034 67665 42980 10000 10177 20//0 48501 81030
                   333 59015 81360=
200802181500 AAXX 18154 67665 42780 41403 10269 20171 48461 84230
                   555 10285=
200802151500 AAXX 15154 67665 42780 41506 10275 20177 48507 84100
                   333 59004 84856=
200802151200 AAXX 15124 67665 42680 61102 10274 20173 48518 86200
                   333 59007 86840=
200802150900 AAXX 15094 67665 42580 30706 10249 20168 48534 83230
                   333 59007 83820 82360=
200802150600 AAXX 15064 67665 12980 00000 10201 20150 48527 69944
                   333 10290 20168 59010=
200802141200 AAXX 14124 67665 42680 50603 10277 20167 48526 85200
                   333 58001 85840 91018=
200802140900 AAXX 14094 67665 42580 40803 10250 20196 48541 84231
                   333 58004 84828 82360 82080=
200802140600 AAXX 14064 67665 32580 10309 10212 20174 48538 81131
                   333 10306 20166 58008 81820 81360 81080=
200802140400 AAXX 14044 67665 42980 10000 10169 20//0 48523 81030
                   333 58003 81360=
200802140300 AAXX 14034 67665 42980 10000 10165 20//0 48517 81030
                   333 58001 81360=
200802132100 AAXX 13214 67665 42980 10000 10188 20//0 48526 81030
                   333 58003 81360=
200802131500 AAXX 13154 67665 42780 41201 10284 20173 48511 84200
                   333 59003 84856 555 10296=
200802131200 AAXX 13124 67665 42680 63303 10277 20169 48524 81900
                   333 58003 81935 86840=
200802130600 AAXX 13064 67665 32980 00000 10204 20176 48529
                   333 10284 20170 58002=
200802121800 AAXX 12184 67665 42980 20000 10213 20//0 48515 82030
                   333 59004 82360=
200802121500 AAXX 12154 67665 42780 40000 10262 20168 48505 84200
                   333 59013 84850 555 10284 91016=
200802121200 AAXX 12124 67665 42680 50000 10257 20158 48518 85200
                   333 59015 85840 91018=
200802120900 AAXX 12094 67665 42580 30305 10238 20160 48532 83800
                   333 59020 81825 82625=
200802120600 AAXX 12064 67665 31460 10000 10180 20170 48527 72840 81530
                   333 10251 20141 59021 81610 81360=
200802111500 AAXX 11154 67665 42680 60000 10231 20168 48515 83230
                   333 59004 83840 84360=
200802111200 AAXX 11124 67665 42680 60903 10227 20180 48530 86800
                   333 58002 84630 85832=
200802110900 AAXX 11094 67665 42580 60810 10213 20160 48548 86500
                   333 59011 86625=
200802110600 AAXX 11064 67665 32480 60710 10186 20154 48548 83530
                   333 10272 20175 59008 83610 85360=
200802100600 AAXX 10064 67665 12480 70000 10190 20180 48556 85572
                   333 10285 20174 58023 85610 85359 83080=
200802091200 AAXX 09124 67665 41560 70303 10228 20204 48522 78022
                   333 58012 87822 91018=
200802090600 AAXX 09064 67665 12480 71005 10209 20194 48537 60014 8553/
                   333 10290 20187 58016 85610 87360=
200802081200 AAXX 08124 67665 42680 60604 10284 20164 48507 86932
                   333 59010 81940 85840 81360 82080=
200802080900 AAXX 08094 67665 42580 70802 10252 20180 48519 81932
                   333 59010 81924 85825 82360 86080=
200802080600 AAXX 08064 67665 32480 60602 10213 20178 48519 81282
                   333 10282 20181 59008 81815 84360 86080=
200802080400 AAXX 08044 67665 42980 30000 10180 20//0 48509 83080
                   333 59013 83360=
200802080300 AAXX 08034 67665 42980 10000 10168 20//0 48501 81030
                   333 59018 81360=
200802072100 AAXX 07214 67665 42980 10000 10192 20//0 48510 81030
                   333 59020 81360=
200802071800 AAXX 07184 67665 42980 10000 10214 20201 48499 81030
                   333 10282 59024 81360=
200802071500 AAXX 07154 67665 42780 40000 10262 20183 48489 84130
                   333 59023 84850 81360=
200802071200 AAXX 07124 67665 42680 70000 10250 20179 48513 86231
                   333 59012 81935 86835 83360 82080=
200802070900 AAXX 07094 67665 42580 70605 10241 20182 48526 8383/
                   333 59014 81822 83625 87360=
200802070600 AAXX 07064 67665 70903 10203 20181 48526 70322 8117/
                   333 10270 20164 59013 81830 87360=
200802061200 AAXX 06124 67665 42680 70805 10256 20179 48526 85232
                   333 58002 85835 83360 81080=
200802060900 AAXX 06094 67665 42580 70906 10231 20186 48540 878//
                   333 58008 82820 87620=
200802060600 AAXX 06064 67665 12380 70905 10195 20175 48537 60084 8677/
                   333 10248 20171 58008 86707 87359=
200802051500 AAXX 05154 67665 41660 70000 10210 20195 48510 72166 81932
                   333 58009 81935 87360 81080=
200802051200 AAXX 05124 67665 42660 70805 10216 20176 48519 84832
                   333 58011 84632 81832 85360 81080=
200802050600 AAXX 05064 67665 32380 71006 10203 20191 48532 84630
                   333 10277 20190 59002 84708 86360=
200802041800 AAXX 04184 67665 41775 60000 10210 20184 48520 71322 81932
                   333 10277 58003 81956 85360 84280=
200802041500 AAXX 04154 67665 42775 50609 10250 20184 48506 81931
                   333 59002 81945 83845 83360 84080=
200802041200 AAXX 04124 67665 42670 50702 10265 20182 48515 85271
                   333 59002 85830 83360 83080=
200802040900 AAXX 04094 67665 42575 70505 10241 20184 48536 8583/
                   333 58006 82822 84625 87360=
200802040600 AAXX 04064 67665 32370 70502 10194 20186 48536 8257/
                   333 10265 20179 58008 82708 87359=
200802031200 AAXX 03124 67665 41680 70705 10228 20180 48512 71522 8687/
                   333 59012 84635 82836 86460 91017=
200802020400 AAXX 02044 67665 42480 30000 10168 20//0 48507 81530
                   333 58000 81610 83360=
200802020300 AAXX 02034 67665 42480 30000 10171 20//0 48502 81530
                   333 59003 81610 83360=
200802012100 AAXX 01214 67665 42680 50000 10193 20/// 48520 81930
                   333 59006 81945 84360=
200802010600 AAXX 01064 67665 12380 71006 10198 20192 48546 60674 70322 8477/
                   333 10252 20183 59007 84708 87459=

################################################################################
#  SYNOPS from 67666, Lusaka City Airport (Zambia) | 15-25S | 028-19E | 1280 m
################################################################################
200802270600 AAXX 27064 67666 32980 50000 10222 20170 48537 83032
                   333 10280 20145 58006 83362 83080=
200802261200 AAXX 26124 67666 42680 40906 10270 20139 48511 84200
                   333 59003 81948 84848=
200802250600 AAXX 25064 67666 32380 71806 10190 20168 48538 85681
                   333 10290 20156 58023 85709 84360 81080=
200802151200 AAXX 15124 67666 42580 50607 10257 20158 48511 85200
                   333 59001 85835=
200802130600 AAXX 13064 67666 32980 00703 10210 20163 48521
                   333 10270 20140 58004=
200802120900 AAXX 12094 67666 42480 40910 10225 20120 48523 84818=
200802120600 AAXX 12064 67666 32480 10910 10190 20142 48515 81100
                   333 10235 20130 59025 81810=
200802110600 AAXX 11064 67666 12480 70911 10180 20130 48538 69904 875//
                   333 10254 20160 59010 87615=
200802081200 AAXX 08124 67666 42680 50404 10276 20153 48493 85200
                   333 59009 81940 85840=
200802080900 AAXX 08094 67666 42680 40807 10250 20167 48510 84201
                   333 59008 84830 81080=
200802070900 AAXX 07094 67666 42480 51009 10234 20154 48517
                   333 83830 81080=
200802060900 AAXX 06094 67666 42580 60912 10231 20173 48529 86830
                   333 58006 85620 84825 81360=

################################################################################
#  SYNOPS from 67667, Mount Makulu (Zambia) | 15-33S | 028-15E | 1213 m
################################################################################
200802290600 AAXX 29064 67667 32980 70901 10240 20179 80008
                   333 10265 20150 87282=
200802261200 AAXX 26124 67667 42680 40404 10285 20163 48/// 84202
                   333 5//// 84840 81080=
200802120600 AAXX 12064 67667 32980 10706 10205 20137 48/// 80001
                   333 10246 20144 5//// 81080=
200802110600 AAXX 11064 67667 32580 80908 10190 20152 48551 60094 85530
                   333 10273 20170 58000 85620 82362=
200802080900 AAXX 08094 67667 42680 60901 10254 20215 86202
                   333 86835 81080=
200802080600 AAXX 08064 67667 32980 50901 10232 20191 81038
                   333 10279 20172 81360 85280=
200802070900 AAXX 07094 67667 42680 30903 10246 20183 83202
                   333 83830 81080=

################################################################################
#  SYNOPS from 67673, Petauke (Zambia) | 14-15S | 031-17E | 1035 m
################################################################################
200802261200 AAXX 26124 67673 42680 70000 10283 20173 48524 8623/
                   333 58009 86840 87060=
200802250600 AAXX 25064 67673 12584 60406 10238 20183 48549 69904 81138
                   333 10315 20197 58012 81825 81363 86280=
200802151200 AAXX 15124 67673 42682 31404 10293 20139 48516 83100
                   333 59014 83840=
200802120900 AAXX 12094 67673 42684 21204 10251 20160 48553 82100
                   333 59020 82835=
200802110600 AAXX 11064 67673 12584 61505 10196 20152 48551 60094 85530
                   333 10273 20170 58000 85620 82362=

################################################################################
#  SYNOPS from 67741, Sesheke (Zambia) | 17-28S | 024-18E | 949 m
################################################################################
200802290600 AAXX 29064 67741 32980 32702 10215 20192 48529 81032
                   333 10312 20183 59007 81363 82080=
200802120600 AAXX 12064 67741 32980 03603 10220 20198 48518
                   333 10300 20184 59028=

################################################################################
#  SYNOPS from 67743, Livingstone (Zambia) | 17-49S | 025-49E | 985 m
################################################################################
200802290600 AAXX 29064 67743 11975 51202 10220 20205 48517 60024 70140 81080
                   333 10311 20188 58007 81360 82080=
200802281200 AAXX 28124 67743 41658 72505 10225 20197 48517 79592 85972
                   333 58008 81945 84845 86080=
200802270600 AAXX 27064 67743 12980 20707 10203 20183 48533 60194 82080
                   333 10321 20170 58004 82360=
200802261200 AAXX 26124 67743 42780 10300 20133 48514 84230
                   333 59004 84856 82360=
200802260600 AAXX 26064 67743 12980 70000 10225 20187 48534 69904 82032
                   333 10315 20180 59005 82360 85080=
200802250600 AAXX 25064 67743 32980 00000 10227 20184 48527
                   333 10340 20185 58005=
200802220600 AAXX 22064 67743 32980 01006 10216 20159 48526
                   333 10315 20171 58007=
200802210600 AAXX 21064 67743 32980 80907 10225 20166 48527 82080
                   333 10320 20195 58013 82360 86080=
200802201500 AAXX 20154 67743 42780 40504 10305 20172 48505 82260
                   333 58006 82856 82360=
200802200900 AAXX 20094 67743 42680 40804 10279 20185 48533 83140
                   333 58005 83360=
200802190900 AAXX 19094 67743 42675 50908 10280 20174 48430 83101
                   333 58015 83845 84080=
200802190600 AAXX 19064 67743 11975 40000 10215 20200 48519 60044 72822 80001
                   333 10306 20185 58016 84080=
200802151200 AAXX 15124 67743 42780 42003 10314 20184 48509 84200
                   333 59013 84850=
200802150600 AAXX 15064 67743 32980 21003 10238 20190 48526 82030
                   333 10326 20204 59008 82360=
200802140600 AAXX 14064 67743 32980 50905 10215 20175 48525 60034 80001
                   333 10328 20165 58006 85080=
200802130600 AAXX 13064 67743 12980 30000 10219 20194 48524 69904 83080
                   333 10306 20181 58009 83360=
200802121200 AAXX 12124 67743 42680 49901 10280 20167 48511 84200
                   333 59019 84845=
200802120900 AAXX 12094 67743 42680 39902 10260 20191 48525 83100
                   333 59016 83830=
200802110600 AAXX 11064 67743 32980 10907 10200 20160 48542 81070
                   333 10286 20170 59015 81460=
200802081200 AAXX 08124 67743 42680 71106 10296 20286 48501 85830
                   333 58000 85630 82835 82360=
200802080600 AAXX 08064 67743 12980 61106 10223 20190 48511 60084 86080
                   333 10300 20184 59002 86360=
200802071500 AAXX 07154 67743 41680 50706 10289 20189 49479 71719 84272
                   333 59037 81940 84840 83360 83080=
200802071200 AAXX 07124 67743 42680 41004 10289 20196 48500 84230
                   333 59032 84840 82360=
200802060900 AAXX 06094 67743 42580 71307 10245 20195 48540 8687/
                   333 58007 84622 84825 82460=
200802060600 AAXX 06064 67743 12980 61009 10220 20190 48527 69974 83571
                   333 10295 20185 59006 83615 84460 83080=
200802051200 AAXX 05124 67743 42670 61803 10265 20193 48518 82132
                   333 58010 82830 84360 83080=
200802041200 AAXX 04124 67743 42680 60806 10291 20194 48512 85231
                   333 59007 85840 83360 82080=
200802040600 AAXX 04064 67743 12980 51303 10222 20197 48524 6//// 85080
                   333 10273 20182 58002 85360=
200802010600 AAXX 01064 67743 12980 61107 10200 20177 48514 69934 8607/
                   333 10261 20190 86460=

################################################################################
#  SYNOPS from 67751, Magoye (Zambia) | 16-00S | 027-36E | 1018 m
################################################################################
200802290600 AAXX 29064 67751 32980 50000 10216 20191 85030
                   333 10220 20169 85360=
200802130600 AAXX 13064 67751 32980 00000 10219 20188 48///
                   333 10295 20152 58020=
200802110600 AAXX 11064 67751 12380 70802 10208 20188 48/// 60064 8167/
                   333 10283 20194 5//// 87360=
200802070900 AAXX 07094 67751 42580 50904 10255 20183 85201
                   333 58018 85824 81080=

################################################################################
#  SYNOPS from 67753, Choma (Zambia) | 16-50S | 027-04E | 1213 m
################################################################################
200802290600 AAXX 29064 67753 32980 70605 10221 20175 80008
                   333 10299 20142 87280=
200802261200 AAXX 26124 67753 42680 73607 10271 20161 48/// 85202
                   333 5//// 81940 85840 83080=
200802250600 AAXX 25064 67753 32980 70906 10201 20180 48/// 82038
                   333 10301 20147 5//// 82359 87280=
200802190600 AAXX 19064 67753 32480 70907 10207 20188 48/// 81508
                   333 10282 20149 5//// 81612 87280=
200802151200 AAXX 15124 67753 42680 70906 10282 20188 48/// 87200
                   333 5//// 87830=
200802130600 AAXX 13064 67753 32380 32706 10193 20181 48/// 83500
                   333 10274 20155 5//// 83609=
200802121200 AAXX 12124 67753 42680 73407 10264 20158 48/// 87200
                   333 5//// 81830=
200802120900 AAXX 12094 67753 42580 70605 10229 20173 48/// 87200
                   333 5//// 87025=
200802110600 AAXX 11064 67753 32380 80910 10172 20163 48/// 8777/
                   333 10249 20145 5//// 87709 88459=
200802081200 AAXX 08124 67753 41680 70908 10252 20183 48/// 71792 86208
                   333 5//// 81930 86830 87280=
200802080900 AAXX 08094 67753 42580 73607 10247 20184 87208
                   333 87825 87280=
200802080600 AAXX 08064 67753 12980 71005 10194 20180 48/// 69904 83088
                   333 10267 20157 83359 87280=
200802070900 AAXX 07094 67753 42480 73608 10235 20188 87200
                   333 87818=
200802060900 AAXX 06094 67753 42480 70608 10219 20188 8757/
                   333 87612 87459=
200802060600 AAXX 06064 67753 11980 70605 10171 20167 48/// 60094 76162 8707/
                   333 10279 20166 87459=

################################################################################
#  SYNOPS from 67855, Lupaki (Zambia) | 17-03-00S | 024-46-00E | 1000 m
################################################################################
200803020000 AAXX 02004 67855 NIL=
200803011800 AAXX 01184 67855 NIL=
200803011200 AAXX 01124 67855 NIL=
200803010600 AAXX 01064 67855 NIL=
200803010000 AAXX 01004 67855 NIL=
200802291800 AAXX 29184 67855 NIL=
200802291200 AAXX 29124 67855 NIL=
200802290600 AAXX 29064 67855 12980 70000 10210 20196 3//// 48/// 60034 81031
                   333 20180 5//// 81360 87080=
200802290000 AAXX 29004 67855 NIL=
200802281800 AAXX 28184 67855 NIL=
200802281200 AAXX 28124 67855 NIL=
200802280600 AAXX 28064 67855 NIL=
200802280000 AAXX 28004 67855 NIL=
200802271800 AAXX 27184 67855 NIL=
200802271200 AAXX 27124 67855 NIL=
200802270600 AAXX 27064 67855 12980 41801 10202 20176 3//// 48/// 69904 84030
                   333 20166 5//// 84360=
200802270000 AAXX 27004 67855 NIL=
200802261800 AAXX 26184 67855 NIL=
200802261200 AAXX 26124 67855 NIL=
200802260600 AAXX 26064 67855 NIL=
200802260000 AAXX 26004 67855 NIL=
200802251800 AAXX 25184 67855 NIL=
200802251200 AAXX 25124 67855 NIL=
200802250600 AAXX 25064 67855 32980 10601 10206 20141 3//// 48/// 81030
                   333 20155 5//// 81360=
200802250000 AAXX 25004 67855 NIL=
200802241800 AAXX 24184 67855 NIL=
200802241200 AAXX 24124 67855 NIL=
200802240600 AAXX 24064 67855 NIL=
200802240000 AAXX 24004 67855 NIL=
200802231800 AAXX 23184 67855 NIL=
200802230600 AAXX 23064 67855 NIL=
200802230000 AAXX 23004 67855 NIL=
200802221800 AAXX 22184 67855 NIL=
200802221200 AAXX 22124 67855 NIL=
200802220600 AAXX 22064 67855 NIL=
200802220000 AAXX 22004 67855 NIL=
200802211800 AAXX 21184 67855 NIL=
200802211200 AAXX 21124 67855 NIL=
200802210600 AAXX 21064 67855 12980 41201 10184 20159 3//// 48/// 60014 80004
                   333 20135 5//// 84080=
200802210000 AAXX 21004 67855 NIL=
200802201800 AAXX 20184 67855 NIL=
200802201200 AAXX 20124 67855 NIL=
200802200600 AAXX 20064 67855 32980 31501 10212 20174 3//// 48/// 82031
                   333 20160 5//// 82360=
200802200000 AAXX 20004 67855 NIL=
200802191800 AAXX 19184 67855 NIL=
200802191200 AAXX 19124 67855 NIL=
200802190600 AAXX 19064 67855 32980 70701 10194 20139 3//// 48/// 80001
                   333 20135 5//// 87080=
200802190000 AAXX 19004 67855 NIL=
200802181800 AAXX 18184 67855 NIL=
200802181200 AAXX 18124 67855 NIL=
200802180600 AAXX 18064 67855 32980 20801 10207 20157 3//// 48/// 81031
                   333 20166 5//// 81360=
200802180000 AAXX 18004 67855 NIL=
200802171800 AAXX 17184 67855 NIL=
200802171200 AAXX 17124 67855 NIL=
200802170600 AAXX 17064 67855 NIL=
200802170000 AAXX 17004 67855 NIL=
200802161800 AAXX 16184 67855 NIL=
200802161200 AAXX 16124 67855 NIL=
200802160600 AAXX 16064 67855 NIL=
200802160000 AAXX 16004 67855 NIL=
200802151800 AAXX 15184 67855 NIL=
200802151200 AAXX 15124 67855 NIL=
200802150600 AAXX 15064 67855 NIL=
200802150000 AAXX 15004 67855 NIL=
200802141800 AAXX 14184 67855 NIL=
200802141200 AAXX 14124 67855 NIL=
200802140600 AAXX 14064 67855 32980 10501 10220 20156 3//// 48/// 80001
                   333 20151 5//// 81080=
200802140000 AAXX 14004 67855 NIL=
200802131800 AAXX 13184 67855 NIL=
200802131200 AAXX 13124 67855 NIL=
200802130600 AAXX 13064 67855 NIL=
200802130000 AAXX 13004 67855 NIL=
200802121800 AAXX 12184 67855 NIL=
200802121200 AAXX 12124 67855 NIL=
200802120600 AAXX 12064 67855 32980 11201 10188 20141 3//// 48/// 81030
                   333 20150 5//// 81360=
200802120000 AAXX 12004 67855 NIL=
200802111800 AAXX 11184 67855 NIL=
200802111200 AAXX 11124 67855 NIL=
200802110600 AAXX 11064 67855 NIL=
200802110000 AAXX 11004 67855 NIL=
200802101800 AAXX 10184 67855 NIL=
200802101200 AAXX 10124 67855 NIL=
200802100600 AAXX 10064 67855 32580 31002 10205 20141 3//// 48/// 81131
                   333 20153 5//// 81828=
200802091800 AAXX 09184 67855 NIL=
200802091200 AAXX 09124 67855 NIL=
200802090600 AAXX 09064 67855 NIL=
200802090000 AAXX 09004 67855 NIL=
200802081800 AAXX 08184 67855 NIL=
200802081200 AAXX 08124 67855 NIL=
200802080600 AAXX 08064 67855 32980 61701 10212 20166 3//// 48/// 81032
                   333 20160 5//// 81360 86080=
200802080000 AAXX 08004 67855 NIL=
200802071800 AAXX 07184 67855 NIL=
200802071200 AAXX 07124 67855 NIL=
200802070600 AAXX 07064 67855 NIL=
200802070000 AAXX 07004 67855 NIL=
200802061800 AAXX 06184 67855 NIL=
200802061200 AAXX 06124 67855 NIL=
200802060600 AAXX 06064 67855 NIL=
200802060000 AAXX 06004 67855 NIL=
200802051800 AAXX 05184 67855 NIL=
200802051200 AAXX 05124 67855 NIL=
200802050600 AAXX 05064 67855 NIL=
200802050000 AAXX 05004 67855 NIL=
200802041800 AAXX 04184 67855 NIL=
200802041200 AAXX 04124 67855 NIL=
200802040600 AAXX 04064 67855 NIL=
200802040000 AAXX 04004 67855 NIL=
200802031800 AAXX 03184 67855 NIL=
200802031200 AAXX 03124 67855 NIL=
200802030600 AAXX 03064 67855 NIL=
200802030000 AAXX 03004 67855 NIL=
200802021800 AAXX 02184 67855 NIL=
200802021200 AAXX 02124 67855 NIL=
200802020600 AAXX 02064 67855 32980 41001 10193 20154 3//// 48/// 84032
                   333 20162 5//// 84360=
200802020000 AAXX 02004 67855 NIL=
200802011800 AAXX 01184 67855 NIL=
200802011200 AAXX 01124 67855 NIL=
