################################################################################
# Query made at 04/15/2022 01:53:06 UTC
# Country like Zamb*
# Time interval: from 06/01/2010 05:30  to 07/01/2010 06:30  UTC
################################################################################

################################################################################
#  SYNOPS from 67413, Mbala (Zambia) | 08-51S | 031-20E | 1673 m
################################################################################
201006220600 AAXX 22064 67413 32480 21213 10145 20100 48552 82500
                   333 10255 20095 59005 82620
                   555 00080 91025=

################################################################################
#  SYNOPS from 67441, Mwinilunga (Zambia) | 11-45S | 024-26E | 1361 m
################################################################################
201006301200 AAXX 30124 67441 41670 20000 10262 20107 48557 70500 82100
                   333 58005 82830=
201006300600 AAXX 30064 67441 31970 10000 10125 20098 48580 70500 81030
                   333 10275 20/// 58004 81360=
201006290600 AAXX 29064 67441 31970 00000 10116 20096 48576 70500
                   333 10267 20//0 58003=
201006280600 AAXX 28064 67441 31975 00000 10100 20093 48579 70500
                   333 10268 20/// 58003=
201006250900 AAXX 25094 67441 41675 10905 10228 20102 48586 70500 81100
                   333 58000 81830=
201006250600 AAXX 25064 67441 31975 00000 10124 20100 48579 70500
                   333 10265 20/// 58005=
201006241200 AAXX 24124 67441 41975 01003 10255 20102 48558 70500
                   333 58004=
201006240900 AAXX 24094 67441 41975 00612 10215 20091 48586 70500
                   333 58009=
201006240600 AAXX 24064 67441 31975 00000 10105 20086 48574 70500
                   333 10250 20//0 58003=
201006230600 AAXX 23064 67441 31975 00000 10100 20080 48571 70500
                   333 10255 20//0 59006=
201006221200 AAXX 22124 67441 41975 00000 10250 20082 48552 70500
                   333 59004=
201006220600 AAXX 22064 67441 31975 00000 10110 20080 48577 70500
                   333 10252 20//0 59043=
201006210600 AAXX 21064 67441 31975 01105 10125 20097 48581 70500
                   333 10258 20/// 59002=
201006180900 AAXX 18094 67441 31970 20000 10123 20102 48586 70500 80041
                   333 10252 20//0 5//// 82080=
201006180600 AAXX 18064 67441 31970 20000 10123 20102 48586 70500 80041
                   333 10252 20/// 5//// 82080=
201006170600 AAXX 17064 67441 31975 70000 10103 20078 48/// 70522 80008
                   333 10265 20//0 5//// 87280=
201006150900 AAXX 15094 67441 41575 10000 10236 20115 48577 70500 81100
                   333 58002 81825=
201006140600 AAXX 14064 67441 31965 00000 10135 20115 48570 70500
                   333 10278 20/// 59011=
201006110600 AAXX 11064 67441 31970 00000 10118 48/// 70500
                   333 10270 20/// 5////=
201006100600 AAXX 10064 67441 31970 00000 10120 20111 48576 70500
                   333 10278 20/// 59004=
201006080600 AAXX 08064 67441 13970 10000 10095 20087 48536 70500 81030
                   333 10280 20/// 58004 81360=
201006030600 AAXX 03064 67441 32980 00000 10125 20107 48591
                   333 10230 20/// 59001=
201006021200 AAXX 02124 67441 42583 10909 10220 20115 48582 81130
                   333 58015 81825 81362=
201006020600 AAXX 02064 67441 32380 71203 10123 20118 48595 876//
                   333 10255 20/// 58019 87706=
201006010600 AAXX 01064 67441 32480 10000 10145 20140 48576 81100
                   333 10275 20/// 58007 81815=

################################################################################
#  SYNOPS from 67461, Mansa (Zambia) | 11-06S | 028-51E | 1382 m
################################################################################
201006300600 AAXX 30064 67461 31975 00908 10136 20116 48554 70500
                   333 10270 20100 58000=
201006280600 AAXX 28064 67461 31975 00905 10157 20110 48549 70500
                   333 10273 20091 58002=
201006250600 AAXX 25064 67461 32580 70803 10145 20136 48553 875//
                   333 10260 20100 58009 87620=
201006241200 AAXX 24124 67461 42680 21203 10252 20//0 48542 82100
                   333 58006 82836=
201006230600 AAXX 23064 67461 32980 01206 10140 20111 48545 70200
                   333 10247 20084 58000 91022=
201006220600 AAXX 22064 67461 32980 01204 10135 20108 48544 70200
                   333 10250 20074 59006
                   555 00/// 91022=
201006211200 AAXX 21124 67461 42680 31207 10238 20105 48534 83200
                   333 59021 83847=
201006210600 AAXX 21064 67461 32580 21203 10130 20112 48549 70300 82501
                   333 10245 20084 58008 82620 81080
                   555 00/// 91023=
201006190900 AAXX 19094 67461 42580 81107 10164 20120 48571 885//
                   333 58025 88620=
201006170900 AAXX 17094 67461 42580 70810 10234 20108 48530 70322 84208
                   333 58007 84835 87280 91023=
201006170600 AAXX 17064 67461 32980 70902 10147 20108 48548 70222 80008
                   333 10284 20090 58009 87280 91023=
201006140600 AAXX 14064 67461 32980 01204 10183 20126 48549
                   333 10279 20095 59005=
201006110600 AAXX 11064 67461 32980 00106 10175 20143 48546
                   333 10291 20125 58007=
201006080600 AAXX 08064 67461 32980 21306 10153 20107 48558 80001
                   333 10255 20081 58008 82080=
201006030600 AAXX 03064 67461 32580 21207 10155 20130 48560 82500
                   333 10241 20100 59004 82620=
201006020600 AAXX 02064 67461 32580 50905 10150 20136 48588 85501
                   333 10240 20108 58007 85620 82080=

################################################################################
#  SYNOPS from 67475, Kasama (Zambia) | 10-13S | 031-08E | 1382 m
################################################################################
201006300600 AAXX 30064 67475 NIL=
201006280600 AAXX 28064 67475 31975 01412 10157 20105 48556 70500
                   333 10257 20117 58007=
201006250600 AAXX 25064 67475 31475 21012 10160 20126 48559 70500 82100
                   333 10256 20122 59002 82812=
201006210600 AAXX 21064 67475 31475 11108 10155 20118 48558 70500 81100
                   333 10224 20093 59012 81815=
201006140600 AAXX 14064 67475 32980 00140 10172 20114 48548
                   333 10271 20099 59011=
201006110600 AAXX 11064 67475 32580 10708 10202 20145 48554 81100
                   333 10280 20126 58000 81820=
201006030600 AAXX 03064 67475 31475 11212 10157 20121 48560 70500 81101
                   333 10235 20104 58005 81810 81080=
201006020600 AAXX 02064 67475 31475 71202 20149 48570 70522 875//
                   333 10240 20109 59018 87610=

################################################################################
#  SYNOPS from 67477, Mpika (Zambia) | 11-54S | 031-26E | 1400 m
################################################################################
201006300600 AAXX 30064 67477 32480 21106 10155 20124 48570 82500
                   333 10225 20116 58002 82613=
201006280600 AAXX 28064 67477 32480 70911 10156 20107 48562 82500
                   333 10230 20114 58004 82612=
201006250600 AAXX 25064 67477 32380 71205 10148 20124 48564 875//
                   333 10225 20137 59004 87608=
201006241200 AAXX 24124 67477 42680 61210 10217 20122 48551 86200
                   333 58010 86812=
201006211200 AAXX 21124 67477 42680 11105 10260 20074 48539 81100
                   333 5//// 81848=
201006210600 AAXX 21064 67477 32580 11109 10145 20079 48566 81900
                   333 10210 20114 59005 81820=
201006171200 AAXX 17124 67477 42680 61108 10220 20106 48548 83101
                   333 58017 83842 84080=
201006170600 AAXX 17064 67477 32480 21106 10164 20114 48559 81101
                   333 10247 20099 58013 81819 82080=
201006110600 AAXX 11064 67477 32480 11108 10184 20141 48559 81100
                   333 10250 20135 58009 81818=
201006100600 AAXX 10064 67477 32980 01005 10180 20131 48550
                   333 10257 20134 59009=
201006030600 AAXX 03064 67477 NIL=
201006020600 AAXX 02064 67477 32480 41208 10154 20121 48574 84500
                   333 10205 20120 58015 84612=

################################################################################
#  SYNOPS from 67481, Isoka (Zambia) | 10-07S | 032-38E | 1360 m
################################################################################
201006300600 AAXX 30064 67481 32980 01203 10172 20116 48/// 70253
                   333 20105 58006=

################################################################################
#  SYNOPS from 67531, Zambezi (Zambia) | 13-32S | 023-07E | 1077 m
################################################################################
201006300600 AAXX 30064 67531 31978 01210 10152 20104 48/// 70500
                   333 10270 20070 59005=
201006280600 AAXX 28064 67531 31975 01006 10147 20086 48/// 70500
                   333 10252 20080 58007=
201006250600 AAXX 25064 67531 31978 01204 10145 20109 48/// 70500
                   333 10266 20097 59004=
201006240900 AAXX 24094 67531 42680 11307 10221 20096 48/// 81100
                   333 58007 81848=
201006210600 AAXX 21064 67531 31978 01207 10128 20087 48/// 70500
                   333 10256 20100 58002=
201006140600 AAXX 14064 67531 31975 00701 10170 20120 70500 81030
                   333 10293 20100 5//// 81363=
201006110600 AAXX 11064 67531 31978 01004 10145 20102 48/// 70500
                   333 10284 20074 59004=
201006100600 AAXX 10064 67531 31978 00000 10115 20075 48/// 70500
                   333 10285 20044 59007=
201006080600 AAXX 08064 67531 31978 01103 10124 20078 48///
                   333 10270 20048 58000=
201006030600 AAXX 03064 67531 32980 61202 10126 20160 48/// 86030
                   333 10268 20081 59014 86363=
201006020600 AAXX 02064 67531 32980 11303 10155 20129 48/// 81030
                   333 10264 20099 58025 81363=

################################################################################
#  SYNOPS from 67541, Kasempa (Zambia) | 13-32S | 025-51E | 1234 m
################################################################################
201006300600 AAXX 30064 67541 NIL=
201006030600 AAXX 03064 67541 NIL=
201006020600 AAXX 02064 67541 NIL=

################################################################################
#  SYNOPS from 67551, Solwezi (Zambia) | 12-11S | 026-23E | 1386 m
################################################################################
201006300600 AAXX 30064 67551 31957 00905 10113 20099 48549 70500
                   333 10254 20076 59003=

################################################################################
#  SYNOPS from 67561, Ndola (Zambia) | 13-00S | 028-39E | 1269 m
################################################################################
201006300600 AAXX 30064 67561 31960 20605 10145 20115 48559 70500 82030
                   333 10253 20095 59001 82360=
201006170600 AAXX 17064 67561 31970 50909 10169 20099 48557 70522 85030
                   333 10278 20132 58005 85360=
201006080600 AAXX 08064 67561 31975 30000 10115 20090 48563 82032
                   333 10246 20074 59003 82360 84080=
201006031200 AAXX 03124 67561 41660 30000 10238 20082 48548 70500 83200
                   333 59005 83835=
201006030600 AAXX 03064 67561 31960 10000 10140 20115 48564 70500 81030
                   333 10248 20084 59009 81366=
201006020600 AAXX 02064 67561 NIL=
201006010600 AAXX 01064 67561 31260 40000 10166 20136 48569 70500 84600
                   333 10262 20106 58007 84709=

################################################################################
#  SYNOPS from 67563, Kafironda (Zambia) | 12-36S | 028-07E | 1243 m
################################################################################
201006300600 AAXX 30064 67563 31975 00801 10134 20100 48/// 70500
                   333 10262 20052 58000=

################################################################################
#  SYNOPS from 67571, Serenje (Zambia) | 13-14S | 030-13E | 1384 m
################################################################################
201006241200 AAXX 24124 67571 42780 60907 10215 20104 48543 86500
                   333 58012 86650=

################################################################################
#  SYNOPS from 67580, Msekera (Zambia) | 13-39S | 032-34E | 1025 m
################################################################################
201006300900 AAXX 30094 67580 42680 60906 10259 20127 48/// 86100
                   333 58006 86835=
201006300600 AAXX 30064 67580 32480 20906 10165 20134 48/// 81530
                   333 10254 20119 58001 81616 82361=
201006250600 AAXX 25064 67580 32480 31210 10178 20129 48/// 82530
                   333 10245 20129 59009 82616 81360=

################################################################################
#  SYNOPS from 67581, Chipata (Zambia) | 13-33S | 032-35E | 1028 m
################################################################################
201006300600 AAXX 30064 67581 32980 21604 10190 20130 48579 82030
                   333 10278 20141 58000 82360=
201006280600 AAXX 28064 67581 32980 01604 10186 20106 48578
                   333 10269 20144 58007=
201006250600 AAXX 25064 67581 32684 11003 10186 20126 48577 81130
                   333 10262 20150 59001 81830 81360=
201006210600 AAXX 21064 67581 32980 71106 10173 20076 48578 8703/
                   333 10242 20135 59008 87360=
201006140600 AAXX 14064 67581 32980 20803 10226 20138 48566 82030
                   333 10289 20125 59007 82360=
201006100600 AAXX 10064 67581 32980 00905 10230 20153 48572
                   333 10290 20159 59003=
201006030600 AAXX 03064 67581 32680 11509 10175 20108 48579 81102
                   333 10252 20130 59006 81830 81080=
201006020600 AAXX 02064 67581 32980 51605 10172 20133 48585 85330
                   333 10260 20142 58014 85360=

################################################################################
#  SYNOPS from 67583, Lundazi (Zambia) | 12-17S | 033-12E | 1143 m
################################################################################
201006300600 AAXX 30064 67583 32980 01201 10164 20143 48///
                   333 10264 20109 5////=

################################################################################
#  SYNOPS from 67599, Mfuwe (Zambia) | 13-16S | 031-56E | 568 m
################################################################################
201006281200 AAXX 28124 67599 42680 40904 10300 20144 48592 70322 84200
                   333 58009 84800=
201006250600 AAXX 25064 67599 32980 00000 10187 20159 48579
                   333 10325 20118 59001=

################################################################################
#  SYNOPS from 67625, Kalabo (Zambia) | 14-51S | 022-42E | 1033 m
################################################################################
201006300600 AAXX 30064 67625 31975 11012 10170 20104 48/// 70500 81030
                   333 10268 20110 58002 81360=

################################################################################
#  SYNOPS from 67633, Mongu (Zambia) | 15-15S | 023-09E | 1052 m
################################################################################
201006301200 AAXX 30124 67633 41775 31903 10257 20085 48551 70500 83100
                   333 59001 83856=
201006300600 AAXX 30064 67633 31975 20906 10145 20095 48550 70500 82030
                   333 10275 20127 58003 82360=
201006281200 AAXX 28124 67633 41980 00908 10253 20067 48551 70500
                   333 58002=
201006280600 AAXX 28064 67633 31980 31008 10130 20076 48555 70500 83030
                   333 10262 20095 58015 83361=
201006251200 AAXX 25124 67633 41980 20806 10251 20120 48556 70500 82100
                   333 59011 82857=
201006250900 AAXX 25094 67633 41980 21208 10230 20123 48577 70500 82030
                   333 59002 82361=
201006250600 AAXX 25064 67633 31980 70902 10140 20104 48559 70522 87030
                   333 10270 20102 59003 87361=
201006241200 AAXX 24124 67633 41980 10907 10257 20112 48567 70500 81100
                   333 58015 81856=
201006240900 AAXX 24094 67633 41980 00910 10228 20095 48578 70500
                   333 58006=
201006211200 AAXX 21124 67633 41980 01203 10248 20053 48552 70500
                   333 59003=
201006210600 AAXX 21064 67633 31980 00904 10127 20077 48559 70500
                   333 10257 20086 59001=
201006140600 AAXX 14064 67633 31980 00903 10164 20097 48538 70500
                   333 10285 20145 59012=
201006110600 AAXX 11064 67633 32980 00907 10165 20102 48544
                   333 10300 20134 59002=
201006101200 AAXX 10124 67633 42982 00902 10289 20049 48542
                   333 59009=
201006100600 AAXX 10064 67633 32982 00908 10150 20064 48542
                   333 10278 20114 59006=
201006041200 AAXX 04124 67633 42982 00903 10250 20072 48567
                   333 58011=
201006030600 AAXX 03064 67633 32480 11802 10144 20121 48526 81502
                   333 10231 20096 59002 81617 81080=
201006020600 AAXX 02064 67633 32982 10904 10145 20128 48528 81030
                   333 10275 20115 59028 81362=

################################################################################
#  SYNOPS from 67641, Kaoma (Zambia) | 14-48S | 024-48E | 1213 m
################################################################################
201006300600 AAXX 30064 67641 31978 61001 10099 20084 48542 70522 86030
                   333 10270 20086 59001 86360=
201006280600 AAXX 28064 67641 31978 01201 10120 20086 48538 70500
                   333 10245 20078 58001=
201006250600 AAXX 25064 67641 32980 00000 10120 20102 48547
                   333 10257 20078 58001=
201006210600 AAXX 21064 67641 32980 00000 10079 20069 48544
                   333 10243 20068 58009=
201006140600 AAXX 14064 67641 32982 03601 10138 20105 48528
                   333 10281 20087 59014=
201006110600 AAXX 11064 67641 32982 00301 10130 20105 48535
                   333 10291 20181 58003=
201006100600 AAXX 10064 67641 32982 00602 10095 20076 48528
                   333 10282 20056 59006=
201006030600 AAXX 03064 67641 32982 00601 10132 20115 48555
                   333 10244 20080 59010=
201006020600 AAXX 02064 67641 32682 60701 10152 20131 48567 865//
                   333 10245 20124 58020 86630=

################################################################################
#  SYNOPS from 67659, Kafue Polder (Zambia) | 15-46S | 027-55E | 978 m
################################################################################
201006250600 AAXX 25064 67659 32480 30904 10159 20131 48/// 82530
                   333 10252 20070 59003 82612 83362=

################################################################################
#  SYNOPS from 67663, Kabwe (Zambia) | 14-27S | 028-28E | 1206 m
################################################################################
201006300600 AAXX 30064 67663 32980 10901 10126 20110 48562 81030
                   333 10236 20086 58006 81360=
201006280600 AAXX 28064 67663 32980 00904 10135 20090 48557
                   333 10241 20094 58005=
201006241200 AAXX 24124 67663 42580 40904 10228 20119 48518 84200
                   333 59006 84827=
201006240900 AAXX 24094 67663 42580 40906 10216 20111 48538 84200
                   333 59010 84825=
201006220600 AAXX 22064 67663 32980 00904 10136 20088 48548
                   333 10218 20078 59016
                   555 00///=
201006210600 AAXX 21064 67663 32980 50902 10122 20092 48559 85032
                   333 10223 20085 59009 85360 81080=
201006170600 AAXX 17064 67663 33980 40904 10144 20089 48556 84030
                   333 10275 20112 58017 84360=
201006140600 AAXX 14064 67663 32980 00000 10172 20102 48530 70500
                   333 10266 20084 59011=
201006110600 AAXX 11064 67663 32980 00910 10172 20119 48541
                   333 10272 20124 59007=
201006100600 AAXX 10064 67663 32980 00902 10166 20084 48548
                   333 10274 20096 59005=
201006080600 AAXX 08064 67663 32980 10904 10150 20098 48554 81032
                   333 10240 20091 59005 81360 81080=
201006030600 AAXX 03064 67663 32982 00904 10140 20104 48562
                   333 10235 20105 59002=
201006020600 AAXX 02064 67663 11480 20901 10136 20124 48568 69904 72842 82502
                   333 10193 20096 58014 82615 81080=

################################################################################
#  SYNOPS from 67665, Lusaka Internationalairport (Zambia) | 15-19S | 028-27E | 1152 m
################################################################################
201006301200 AAXX 30124 67665 42665 50505 10229 20099 48566 70422 85200
                   333 59001 85845=
201006300900 AAXX 30094 67665 42480 20709 10211 20134 48568 82500
                   333 59006 82515=
201006300600 AAXX 30064 67665 32980 20905 10119 20112 48573 82030
                   333 10242 20078 59007 82360=
201006291800 AAXX 29184 67665 42980 40906 10139 20130 48559 70222 84030
                   333 59002 84360=
201006291500 AAXX 29154 67665 42670 50710 10213 20188 48564 70222 85200
                   333 59005 85845=
201006291200 AAXX 29124 67665 41660 30510 10234 20108 48574 70500 83200
                   333 59003 83835=
201006290600 AAXX 29064 67665 32380 71008 10152 20126 48584 8153/
                   333 10231 20125 58006 81608 87359=
201006290400 AAXX 29044 67665 42980 60905 10141 20141 48571 70222 86030
                   333 58007 86360=
201006290300 AAXX 29034 67665 42980 61004 10142 20142 48566 70122 86030
                   333 58003 86360=
201006290000 AAXX 29004 67665 42980 71202 10134 20134 48566 70322 87030
                   333 58005 87360=
201006282100 AAXX 28214 67665 42980 61004 10144 20136 48574 70222 86030
                   333 58003 86360=
201006281800 AAXX 28184 67665 42980 60906 10163 20138 48574 86030
                   333 10200 58005 86360=
201006281500 AAXX 28154 67665 42780 50707 10200 20104 48567 85100
                   333 58005 85850=
201006281200 AAXX 28124 67665 42680 40610 10223 20104 48571 84100
                   333 58009 84840=
201006280900 AAXX 28094 67665 42580 60611 10187 20110 48591 86500
                   333 58017 86625=
201006280600 AAXX 28064 67665 32480 20907 10135 20090 48576 81530
                   333 10236 20130 58010 81618 82360=
201006280400 AAXX 28044 67665 42980 41004 10098 20098 48559 84030
                   333 58010 84360=
201006280300 AAXX 28034 67665 42980 11004 10100 20100 48558 84030
                   333 58006=
201006272100 AAXX 27214 67665 42980 20903 10116 20116 48568 82030
                   333 58012 82360=
201006271800 AAXX 27184 67665 42980 31206 10144 20130 48566 83030
                   333 58011 83360=
201006271500 AAXX 27154 67665 42980 50810 10198 20121 48560 85030
                   333 58007 85360=
201006271200 AAXX 27124 67665 42680 50306 10211 20128 48561 85200
                   333 59001 85845=
201006270900 AAXX 27094 67665 42580 10510 10199 20085 48583 70200 81100
                   333 59001 81820=
201006270600 AAXX 27064 67665 32980 11204 10100 20078 48561 70242 81030
                   333 10225 20056 59004 81360
                   555 00049=
201006261800 AAXX 26184 67665 42980 11203 10122 20104 48563 81030
                   333 59019 81360=
201006261200 AAXX 26124 67665 42780 40608 10210 20116 48568 83130
                   333 59017 83850 81360=
201006260900 AAXX 26094 67665 42680 30711 10186 20094 48582 70300 83100
                   333 59013 83830=
201006260600 AAXX 26064 67665 32980 11105 10112 20097 48567 70300 81030
                   333 10225 20076 59009 81360
                   555 00050=
201006251800 AAXX 25184 67665 42980 11203 10133 20133 48572 81030
                   333 10225 59001 81360=
201006251500 AAXX 25154 67665 42780 50408 10189 20113 48574 85100
                   333 58001 85850=
201006251200 AAXX 25124 67665 42680 60608 10197 20110 48575 86800
                   333 59001 84835 83637=
201006250900 AAXX 25094 67665 42580 70611 10182 20125 48595 87800
                   333 82820 86622=
201006250600 AAXX 25064 67665 32380 71007 10135 20123 48578 84630
                   333 10240 20091 58003 84709 87360=
201006241800 AAXX 24184 67665 42980 50903 10260 20144 48578 85030
                   333 10240 58009 85360=
201006241500 AAXX 24154 67665 42780 70908 10210 20119 48575 81230
                   333 58010 81850 87360=
201006241200 AAXX 24124 67665 42680 60810 10217 20114 48578 86200
                   333 58021 86830=
201006240900 AAXX 24094 67665 42480 60710 10198 20121 48573 70222 86500
                   333 58015 86615=
201006240600 AAXX 24064 67665 32980 61005 10149 20110 48576 70222 86030
                   333 10232 20127 58006 86360
                   555 00104=
201006240400 AAXX 24044 67665 42980 71303 10118 20118 48564 87030
                   333 58005 87360=
201006240300 AAXX 24034 67665 53980 72603 10126 20126 48565 87030
                   333 58008 87080=
201006240000 AAXX 24004 67665 42980 71303 10134 20116 48564 87030
                   333 58008 87360=
201006232100 AAXX 23214 67665 42980 60802 10143 20135 48573 86030
                   333 58005 86360=
201006231200 AAXX 23124 67665 42680 31210 10214 20081 48557 83500
                   333 58002 83640=
201006230600 AAXX 23064 67665 32980 20804 10119 20080 48568 70200 82030
                   333 10202 20085 58001 82360
                   555 00071 91025=
201006230400 AAXX 23044 67665 42980 20903 10086 20086 48554 70300 82030
                   333 58007 82360=
201006230300 AAXX 23034 67665 42980 11103 10089 20089 48551 70200 81030
                   333 58005 81360=
201006230000 AAXX 23004 67665 42980 10904 10101 20101 48552 70200 81030
                   333 58000 81360=
201006222100 AAXX 22214 67665 42980 20703 10142 20116 48569 70100 82030
                   333 59002 82360=
201006221500 AAXX 22154 67665 42780 50504 10194 20090 48553 85100
                   333 59009 85856=
201006221200 AAXX 22124 67665 42680 30208 10220 20080 48556 83100
                   333 59011 83840=
201006220900 AAXX 22094 67665 42580 50413 10197 20144 48579 85800
                   333 59012 83825 82627=
201006220600 AAXX 22064 67665 32480 20906 10099 20080 48558 70300 81530
                   333 10214 20075 59018 81610 81360
                   555 00056=
201006220400 AAXX 22044 67665 42980 11003 10068 20068 48546 81030
                   333 59015 81359=
201006220300 AAXX 22034 67665 42980 01103 10073 20073 48544
                   333 59016=
201006212100 AAXX 21214 67665 42980 10404 10100 20090 48564 81030
                   333 59003 81360=
201006211800 AAXX 21184 67665 42980 41104 10126 20100 48565 84030
                   333 10214 59011 84362=
201006211500 AAXX 21154 67665 42980 10907 10186 20075 48562 81030
                   333 59011 81360=
201006211200 AAXX 21124 67665 42780 20509 10205 20072 48566 82101
                   333 59010 82856 81080=
201006210900 AAXX 21094 67665 42580 40611 10179 20066 48587 84200
                   333 59008 84820=
201006210600 AAXX 21064 67665 32980 10906 10100 20081 48575
                   333 10215 20040 59008 81360=
201006201800 AAXX 20184 67665 42980 10904 10126 20118 48575 81030
                   333 10215 59001 81360=
201006201500 AAXX 20154 67665 42780 60906 10186 20084 48573 82230
                   333 59003 82850 85360=
201006201200 AAXX 20124 67665 42680 60708 10200 20095 48574 86200
                   333 59006 86840=
201006200900 AAXX 20094 67665 42580 30411 10186 20093 48596 70300 83100
                   333 59006 83825=
201006200600 AAXX 20064 67665 32980 30906 10114 20080 48484 70300 81130
                   333 10200 20065 59007 81810 83360
                   555 00050=
201006192100 AAXX 19214 67665 42980 01103 10091 20091 48574 70200
                   333 59010=
201006191200 AAXX 19124 67665 42680 10709 10211 20078 48581 81130
                   333 59012 81838 81360=
201006190900 AAXX 19094 67665 42580 10713 10186 20095 48601 81100
                   333 59006 81825=
201006190600 AAXX 19064 67665 42980 10806 10115 20094 48590 81030
                   333 10198 20071 58002 81360=
201006181800 AAXX 18184 67665 42780 70805 10150 20142 48598 70300 8753/
                   333 10198 58012 87656 82360=
201006181500 AAXX 18154 67665 42780 70606 10168 20102 48591 70200 8753/
                   333 58020 87650 82360
                   555 10198=
201006180900 AAXX 18094 67665 42480 70511 10165 20102 48605 70222 86500
                   333 58016 86612 91029=
201006180600 AAXX 18064 67665 32480 60609 10127 20112 48595 70222 86500
                   333 10226 20076 58020 86610
                   555 00071 91022=
201006171800 AAXX 17184 67665 42980 01003 10130 20130 48577
                   333 10226 58031=
201006171500 AAXX 17154 67665 42780 30808 10199 20110 48577 81101
                   333 58033 81850 83080=
201006171200 AAXX 17124 67665 42580 30709 10214 20115 48575 83100
                   333 58029 83825=
201006170900 AAXX 17094 67665 42480 40810 10191 20151 48593 70222 84700
                   333 58024 84715 91026=
201006170600 AAXX 17064 67665 32380 51007 10131 20105 48573 82732
                   333 10269 20080 58020 82708 82360 84020
                   555 00074 91026=
201006170400 AAXX 17044 67665 42980 11303 10087 20076 48555 70200 81030
                   333 58015 81360=
201006170300 AAXX 17034 67665 42980 10305 10088 20084 48550 70200 81030
                   333 58014 81360=
201006170000 AAXX 17004 67665 42980 11304 10133 20087 48548 70200 81030
                   333 58007 81360=
201006162100 AAXX 16214 67665 42980 11304 10134 20096 48553 70200 81030
                   333 58007 81360=
201006161800 AAXX 16184 67665 42980 01105 10147 20103 48550
                   333 58015=
201006161500 AAXX 16154 67665 42980 01207 10242 20065 48550
                   333 58015=
201006160900 AAXX 16094 67665 42980 01006 10225 20094 48575
                   333 58015=
201006160600 AAXX 16064 67665 31960 10302 10145 20133 48556 70500 80001
                   333 10271 20116 58011 81080=
201006160400 AAXX 16044 67665 41970 00403 10110 20105 48548 70500
                   333 58012=
201006160300 AAXX 16034 67665 41970 01203 10127 20096 48542 70500
                   333 58012=
201006152100 AAXX 15214 67665 41959 02702 10142 20111 48548 70500
                   333 58010=
201006151800 AAXX 15184 67665 41957 01503 10169 20110 48539 70400
                   333 10171 58000=
201006151500 AAXX 15154 67665 42980 02106 10250 20079 48537 70500
                   333 59001=
201006151200 AAXX 15124 67665 41870 12506 10264 20092 48541 70500 81100
                   333 59010 81857=
201006150900 AAXX 15094 67665 41659 12704 10246 20092 48563 70522 81100
                   333 59013 81830=
201006150600 AAXX 15064 67665 32980 31602 10136 20098 48546 70200 83030
                   333 10267 20105 59009 83360
                   555 00089=
201006141800 AAXX 14184 67665 42980 01303 10174 20141 48539
                   333 10267 59022=
201006141500 AAXX 14154 67665 42980 13606 10240 20107 48536 81030
                   333 59019 81360=
201006141200 AAXX 14124 67665 42770 23605 10257 20127 48551 82100
                   333 59012 82856=
201006140600 AAXX 14064 67665 32980 11502 10148 20097 48554 70300 81030
                   333 10270 20085 59011 81360=
201006131200 AAXX 13124 67665 42680 41107 10256 20106 38561 48561 84200
                   333 59001 84840=
201006130900 AAXX 13094 67665 10225 20135 48581 81100
                   333 58001 81820=
201006120900 AAXX 12094 67665 42460 60310 10200 20177 48576 70222 86600
                   333 59003 86712 91025=
201006120600 AAXX 12064 67665 32359 60606 10121 20191 48574 70222 86600
                   333 10266 20103 59004 86708
                   555 00102 91025=
201006111800 AAXX 11184 67665 42980 00805 10163 20163 48551
                   333 10266 59010=
201006111500 AAXX 11154 67665 42780 10605 10230 20127 48551 81100
                   333 58004 81857=
201006111200 AAXX 11124 67665 42680 30209 10251 20134 48557 83100
                   333 58002 83840=
201006110900 AAXX 11094 67665 42580 10412 10221 20157 48581 81100
                   333 58006 81828=
201006110600 AAXX 11064 67665 32980 10805 10148 20117 48572 81030
                   333 10272 20106 58008 81360=
201006110400 AAXX 11044 67665 42980 11004 10117 20117 48556 81030
                   333 58008 81360=
201006110300 AAXX 11034 67665 42980 01105 10121 20121 48556 70200
                   333 58008=
201006110000 AAXX 11004 67665 42980 01204 10126 20126 48552 70200
                   333 58004=
201006102100 AAXX 10214 67665 24980 01203 10143 20138 48565 70200
                   333 58007=
201006101800 AAXX 10184 67665 42980 01105 10155 20130 48560
                   333 10272 58005=
201006101500 AAXX 10154 67665 42980 10607 10244 20111 48556 81030
                   333 58005 81859=
201006101200 AAXX 10124 67665 42780 10609 10259 20114 48557 81100
                   333 58001 81850=
201006100900 AAXX 10094 67665 42980 00609 10233 20115 48577
                   333 59001=
201006100600 AAXX 10064 67665 32980 01203 10138 20111 48563
                   333 10286 20156 59008=
201006100400 AAXX 10044 67665 42980 01403 10106 20106 48547
                   333 59006=
201006100300 AAXX 10034 67665 42980 01403 10117 20117 48546
                   333 59008=
201006092100 AAXX 09214 67665 42980 01403 10139 20116 48558
                   333 58000=
201006091800 AAXX 09184 67665 42980 10147 20102 48554
                   333 58003=
201006091500 AAXX 09154 67665 42980 01207 10235 20096 48551
                   333 59002=
201006091200 AAXX 09124 67665 42980 00803 10256 20080 48556
                   333 59005=
201006090900 AAXX 09094 67665 42980 00204 10231 20102 48578 70200
                   333 59003=
201006090600 AAXX 09064 67665 32980 01503 10134 20097 48556 70200
                   333 10250 20185 555 00060=
201006081800 AAXX 08184 67665 42980 01204 10145 20137 48553
                   333 10250 59020=
201006081500 AAXX 08154 67665 42980 13505 10224 20109 48550 80001
                   333 59016 81080=
201006081200 AAXX 08124 67665 42780 13504 10240 20113 48558 81101
                   333 59011 81856 81080=
201006080900 AAXX 08094 67665 42580 10506 10214 20108 48581 81100
                   333 59009=
201006080600 AAXX 08064 67665 32980 01104 10119 20096 48573
                   333 10243 20079 59005=
201006071200 AAXX 07124 67665 42980 10708 10233 20082 48567 80001
                   333 58001 81080=
201006070600 AAXX 07064 67665 32980 01206 10124 20096 48577
                   333 10254 20071 59002=
201006061800 AAXX 06184 67665 42980 01004 10137 20123 48574
                   333 58003=
201006060900 AAXX 06094 67665 42980 10710 10215 20124 48588 70300 81100
                   333 58006 81810 91026=
201006060600 AAXX 06064 67665 32980 01102 10129 48576 70200
                   333 10235 20074 59008
                   555 00074 910267=
201006051200 AAXX 05124 67665 42680 10509 10246 20119 48568 81100
                   333 59006 81845=
201006050900 AAXX 05094 67665 42980 00909 10273 30104 48593
                   333 59008 91027=
201006050400 AAXX 05044 67665 42980 01203 10074 20074 48563 70200
                   333 58003=
201006050300 AAXX 05034 67665 42980 01203 10075 20075 48562 70200
                   333 58002=
201006042100 AAXX 04214 67665 24980 01303 10103 20103 48570
                   333 58001=
201006041800 AAXX 04184 67665 42980 01204 10128 20110 48573
                   333 10235 58004=
201006041500 AAXX 04154 67665 42980 00806 10215 20085 48571
                   333 59001=
201006041200 AAXX 04124 67665 42680 20907 10227 20103 48577 82100
                   333 58004 82845=
201006040900 AAXX 04094 67665 42580 10908 10197 20089 48599 81100
                   333 58010 81825=
201006040600 AAXX 04064 67665 32980 01203 10124 20102 48579
                   333 10230 20125 58002=
201006040400 AAXX 04044 67665 42980 01403 10096 20096 48564
                   333 59001=
201006040000 AAXX 04004 67665 42980 01403 10104 20104 48565
                   333 58002=
201006032100 AAXX 03214 67665 42980 01404 10115 20115 48572
                   333 59001=
201006031800 AAXX 03184 67665 42980 01102 10134 20134 48569
                   333 10230 59004=
201006031500 AAXX 03154 67665 42780 40403 10205 20100 48570 84100
                   333 59002 84850=
201006031200 AAXX 03124 67665 42680 50607 10207 20124 48570 85100
                   333 59007 85835=
201006030900 AAXX 03094 67665 42580 50809 10188 20120 48588 70322 85800
                   333 58009 82623 83825=
201006030600 AAXX 03064 67665 32380 31103 10120 20112 48577 70322 83530
                   333 10215 20090 58010 83608 81360=
201006021800 AAXX 02184 67665 42980 01103 10142 20142 48575
                   333 10235 58000=
201006021500 AAXX 02154 67665 42780 31108 10211 20126 48572 83100
                   333 83850=
201006021200 AAXX 02124 67665 42680 51010 10226 20119 48580 85200
                   333 58000 85835=
201006020900 AAXX 02094 67665 42580 40708 10200 20129 48598 70222 84200
                   333 58009 84820=
201006020600 AAXX 02064 67665 31459 71103 10122 20119 48587 71022 8753/
                   333 10200 20185 58007 87610 81360=
201006011200 AAXX 01124 67665 42580 80707 10184 20132 48573 888//
                   333 58014 82828 88630=
201006010900 AAXX 01094 67665 41580 80608 10174 20134 48585 72055 885//
                   333 58008 88620=
201006010600 AAXX 01064 67665 32480 81005 10145 20134 48574 885//
                   333 10213 20107 58006 88610=

################################################################################
#  SYNOPS from 67666, Lusaka City Airport (Zambia) | 15-25S | 028-19E | 1280 m
################################################################################
201006300900 AAXX 30094 67666 42580 20905 10205 20111 48580 82100
                   333 59003 82825=
201006300600 AAXX 30064 67666 32980 10905 10140 20122 48570 81030
                   333 10230 20110 59005 81360=
201006281200 AAXX 28124 67666 42980 40911 10207 20109 48561 84100
                   333 58011 84830=
201006241200 AAXX 24124 67666 42680 40905 10220 20112 48570 84200
                   333 58020 84840=
201006240600 AAXX 24064 67666 32980 60905 10150 20111 48578 86030
                   333 10220 20115 58014 86359=
201006220600 AAXX 22064 67666 32980 20907 10135 20084 48556 82030
                   333 10201 20095 59029 82360 91023=
201006210600 AAXX 21064 67666 32980 01009 10130 20084 48574
                   333 10202 20080 59014 91026=
201006150900 AAXX 15094 67666 41678 21002 10230 20101 48551 70500 81100
                   333 59014 82830=
201006140600 AAXX 14064 67666 32980 00903 10183 20108 48554
                   333 10250 20085 59009 91023=
201006110600 AAXX 11064 67666 32980 00908 10160 20107 48563
                   333 10250 20120 58006=
201006041200 AAXX 04124 67666 42680 10902 10215 20091 48566 81100
                   333 58005 81830=
201006021200 AAXX 02124 67666 42680 61008 10215 20123 48570 86200
                   333 59001 86835=

################################################################################
#  SYNOPS from 67667, Mount Makulu (Zambia) | 15-33S | 028-15E | 1213 m
################################################################################
201006300600 AAXX 30064 67667 32980 40912 10170 20109 48/// 80001
                   333 10240 20100 58015 84080=

################################################################################
#  SYNOPS from 67673, Petauke (Zambia) | 14-15S | 031-17E | 1035 m
################################################################################
201006300900 AAXX 30094 67673 41575 50705 10220 20130 48603 70522 85830
                   333 59001 82825 83360=
201006300600 AAXX 30064 67673 31575 60902 10183 20131 48594 70522 83530
                   333 10246 20150 58003 83620 86360=
201006241200 AAXX 24124 67673 41675 60905 10256 20119 48586 70522
                   333 58017 86840=
201006220600 AAXX 22064 67673 31575 60905 10170 20099 48581 70522 83130
                   333 10266 20120 59017 83820 86360
                   555 00///=
201006180900 AAXX 18094 67673 31575 60909 10162 20106 48604 70522 86501
                   333 10290 20134 86452 82090=
201006180600 AAXX 18064 67673 31575 60909 10162 20106 48604 70522 86501
                   333 10290 20134 86452 82090=
201006041200 AAXX 04124 67673 42680 50502 10233 20082 48586 85100
                   333 58007 85835=
201006021200 AAXX 02124 67673 42580 10223 20106 48584 86030
                   333 58002 86360=

################################################################################
#  SYNOPS from 67731, Senanga (Zambia) | 16-06S | 023-16E | 1027 m
################################################################################
201006300600 AAXX 30064 67731 32980 01402 10158 20111 48///
                   333 10266 20095 5////=

################################################################################
#  SYNOPS from 67743, Livingstone (Zambia) | 17-49S | 025-49E | 985 m
################################################################################
201006300900 AAXX 30094 67743 41970 60807 10210 20098 48580 70522 86030
                   333 58000 86361=
201006300600 AAXX 30064 67743 31970 81903 10153 20102 48569 70522 8807/
                   333 10248 20/// 58000 88360=
201006280600 AAXX 28064 67743 32980 11105 10160 20071 48585 82030
                   333 10254 20/// 58019 82364=
201006260600 AAXX 26064 67743 32980 11602 10123 20096 48563 70100 81030
                   333 10260 20//0 59013 81360
                   555 91025=
201006241200 AAXX 24124 67743 41970 20910 10245 20075 48589 70500 82060
                   333 58019 82360=
201006240600 AAXX 24064 67743 31970 01105 10109 20071 48572 70500
                   333 10241 20111 58011=
201006221200 AAXX 22124 67743 41970 01403 10231 20060 48561 70500
                   333 59007=
201006211500 AAXX 21154 67743 41970 01107 10220 20074 48560 70500
                   333 59015=
201006210600 AAXX 21064 67743 31970 00000 10108 20072 48572 70500
                   333 10233 20/// 59008=
201006180900 AAXX 18094 67743 41970 00912 10180 20078 48607 70500
                   333 58018 91029=
201006180600 AAXX 18064 67743 31970 01209 10114 20076 48585 70500
                   333 10234 20/// 58014 91028=
201006171500 AAXX 17154 67743 42980 01506 10221 20054 48570
                   333 58014=
201006171200 AAXX 17124 67743 42980 00812 10216 20035 48576
                   333 58003=
201006170600 AAXX 17064 67743 32980 01304 10083 20000 48565
                   333 10300 20/// 58004=
201006151500 AAXX 15154 67743 42980 12003 10271 20091 48537 81030
                   333 59003 81360=
201006151200 AAXX 15124 67743 42980 12703 10286 20074 48539 81030
                   333 59011 81360=
201006140600 AAXX 14064 67743 31970 00000 10150 20095 48547 70500
                   333 10275 20/// 59018=
201006111500 AAXX 11154 67743 42780 15005 10255 20109 48543 81100
                   333 59010 81856=
201006111200 AAXX 11124 67743 42980 20805 10269 20110 48557 82100
                   333 58003 82856=
201006110600 AAXX 11064 67743 32980 01108 10143 20090 48558
                   333 10280 20/// 58005=
201006101500 AAXX 10154 67743 41965 01007 10264 20071 48551 70500
                   333 58001=
201006101200 AAXX 10124 67743 41765 10908 10268 20079 48555 70500 81100
                   333 58003 81856=
201006081500 AAXX 08154 67743 42980 00000 10266 20091 48552
                   333 59016=
201006081200 AAXX 08124 67743 42980 02903 10266 20067 48572
                   333 59003=
201006080900 AAXX 08094 67743 42980 00803 10233 20094 48575
                   333 59011=
201006071200 AAXX 07124 67743 42980 00906 10262 20056 48577
                   333 59003=
201006041500 AAXX 04154 67743 42980 01003 10242 20060 48572
                   333 59007=
201006031500 AAXX 03154 67743 42980 00000 10225 20070 48572
                   333 59008=
201006031200 AAXX 03124 67743 42980 00403 10228 20070 48576
                   333 59010=
201006030600 AAXX 03064 67743 32980 00905 10129 20080 48576
                   333 10238 20111 59014=
201006021500 AAXX 02154 67743 42880 10904 10226 20072 48579 81100
                   333 58000 81857=
201006021200 AAXX 02124 67743 42780 10805 10227 20086 48586 81100
                   333 58005 81850=
201006020600 AAXX 02064 67743 32980 20906 10126 20/// 48589 82030
                   333 10232 20/// 58018 82360=

################################################################################
#  SYNOPS from 67753, Choma (Zambia) | 16-50S | 027-04E | 1213 m
################################################################################
201006300600 AAXX 30064 67753 NIL=
201006250600 AAXX 25064 67753 31475 70908 10142 20123 48/// 70522 83530
                   333 10234 20061 5//// 83610 87360=
201006110600 AAXX 11064 67753 31975 00906 10167 20116 48/// 70500
                   333 10251 20076 5////=
201006030600 AAXX 03064 67753 31975 00907 10229 20102 48/// 70500
                   333 10229 20091 5////=
201006020600 AAXX 02064 67753 32375 11605 10119 20114 48/// 70500 81500
                   333 10204 20091 5//// 81609=

################################################################################
#  SYNOPS from 67855, Lupaki (Zambia) | 17-03-00S | 024-46-00E | 1000 m
################################################################################
201007010600 AAXX 01064 67855 NIL=
201006301200 AAXX 30124 67855 42980 70302 10224 20090 3//// 48/// 8703/
                   333 5//// 87360=
201006300600 AAXX 30064 67855 31965 81701 10136 20120 3//// 48/// 70522 8803/
                   333 20103 5//// 88358=
201006291200 AAXX 29124 67855 42980 80603 10214 20100 3//// 48/// 8803/
                   333 5//// 88358=
201006290600 AAXX 29064 67855 31970 80000 10140 20116 3//// 48/// 70522 8803/
                   333 20126 5//// 88358=
201006281200 AAXX 28124 67855 42880 70805 10216 20100 3//// 48/// 81130
                   333 5//// 81858 87360=
201006280600 AAXX 28064 67855 NIL=
201006271200 AAXX 27124 67855 NIL=
201006270600 AAXX 27064 67855 31970 01101 10058 20049 3//// 48/// 70500
                   333 20023 5////=
201006261200 AAXX 26124 67855 42980 01601 10248 20082 38/// 48///
                   333 5////=
201006260600 AAXX 26064 67855 NIL=
201006250600 AAXX 25064 67855 31970 01601 10084 20070 3//// 48/// 70500
                   333 20043 5////=
201006241200 AAXX 24124 67855 NIL=
201006240600 AAXX 24064 67855 31970 01701 10090 20070 3//// 48/// 70500
                   333 20049 5////=
201006231200 AAXX 23124 67855 NIL=
201006230600 AAXX 23064 67855 31970 01401 10056 20046 3//// 48/// 70500
                   333 20025 5////=
201006221200 AAXX 22124 67855 42980 01701 10240 20070 3//// 48///
                   333 5////=
201006220600 AAXX 22064 67855 31970 01701 10048 20028 38/// 48/// 70500
                   333 20015 5////=
201006211200 AAXX 21124 67855 NIL=
201006210600 AAXX 21064 67855 31970 01801 10060 20055 3//// 48/// 70500
                   333 20014 5////=
201006201200 AAXX 20124 67855 NIL=
201006200600 AAXX 20064 67855 31965 01901 10058 20055 3//// 48/// 70500
                   333 20025 5////=
201006191800 AAXX 19184 67855 NIL=
201006191200 AAXX 19124 67855 42980 51304 10220 20084 3//// 48/// 85030
                   333 5//// 85358=
201006181200 AAXX 18124 67855 42980 11105 10214 20098 3//// 48/// 81030
                   333 5//// 81359=
201006180600 AAXX 18064 67855 31970 21202 10088 20072 3//// 48/// 70500 82030
                   333 20034 5//// 82358=
201006171200 AAXX 17124 67855 42980 10301 10228 20086 3//// 48/// 81030
                   333 5//// 81359=
201006170600 AAXX 17064 67855 31965 00000 10028 20014 38/// 48/// 70500
                   333 21001 5////=
201006161200 AAXX 16124 67855 42980 01502 10220 20015 38/// 48///
                   333 5////=
201006160600 AAXX 16064 67855 31970 01301 10046 20033 3//// 48/// 70500
                   333 21003 5////=
201006151200 AAXX 15124 67855 42980 22704 10286 20093 3//// 48/// 82500
                   333 5//// 82658=
201006150600 AAXX 15064 67855 31970 03301 10146 20088 3//// 48/// 70500
                   333 20068 5////=
201006141200 AAXX 14124 67855 42980 03301 10280 20092 3//// 48///
                   333 5////=
201006140600 AAXX 14064 67855 31965 00901 10090 20076 3//// 48/// 70500
                   333 20058 5////=
201006130600 AAXX 13064 67855 31760 10000 10104 20095 3//// 48/// 70500 81500
                   333 20068 5//// 81656=
201006121200 AAXX 12124 67855 42780 53602 10248 20131 3//// 48/// 85800
                   333 5//// 82856 83658=
201006120600 AAXX 12064 67855 31765 60902 10140 20130 3//// 48/// 70522 86500
                   333 20083 5//// 86656=
201006111200 AAXX 11124 67855 NIL=
201006110600 AAXX 11064 67855 31960 51201 10102 20098 3//// 48/// 70511 85030
                   333 20070 5//// 85358=
201006101200 AAXX 10124 67855 NIL=
201006100600 AAXX 10064 67855 31965 00000 10088 20065 3//// 48/// 70500
                   333 20055 5////=
201006091200 AAXX 09124 67855 42980 01802 10264 20062 3//// 48///
                   333 5////=
201006090600 AAXX 09064 67855 31965 00000 10088 20085 3//// 48/// 70500
                   333 20060 5////=
201006081200 AAXX 08124 67855 42980 03603 10258 20045 3//// 48///
                   333 5////=
201006080600 AAXX 08064 67855 NIL=
201006070600 AAXX 07064 67855 NIL=
201006061200 AAXX 06124 67855 NIL=
201006051200 AAXX 05124 67855 NIL=
201006050600 AAXX 05064 67855 NIL=
201006040600 AAXX 04064 67855 NIL=
201006031200 AAXX 03124 67855 42980 02103 10232 20058 3//// 48///
                   333 5////=
201006030600 AAXX 03064 67855 31970 00000 10076 20066 3//// 48/// 70500
                   333 20035 5////=
201006021200 AAXX 02124 67855 42980 12003 10230 20080 3//// 48/// 81030
                   333 5//// 81360=
201006020600 AAXX 02064 67855 31370 20000 10086 20082 3//// 48/// 70500 81730
                   333 20065 5//// 81707=
201006011200 AAXX 01124 67855 NIL=
