################################################################################
# Query made at 04/14/2022 03:39:16 UTC
# Country like Zamb*
# Time interval: from 11/01/2016 05:30  to 12/01/2016 06:30  UTC
################################################################################

################################################################################
#  SYNOPS from 67403, Kawambwa (Zambia) | 09-48S | 029-05E | 1323 m
################################################################################
201612010600 AAXX 01064 67403 11375 60902 10197 20182 48523 60194 70362 81531
                   333 10298 20173 59002 81610 86360 82080
                   555 00176=
201611301200 AAXX 30124 67403 NIL=
201611300600 AAXX 30064 67403 11320 82002 10183 20182 48524 60334 70496 8473/
                   333 10314 20182 58015 84706 87360
                   555 00185=
201611280600 AAXX 28064 67403 11380 80905 10194 20179 48512 60084 70366 8163/
                   333 10303 20180 58000 81708 87360
                   555 00190=
201611250600 AAXX 25064 67403 12980 10902 10237 20188 48517 69904 81031
                   333 10302 20176 59007 81360 81080
                   555 00186=
201611241500 AAXX 24154 67403 NIL=
201611240900 AAXX 24094 67403 NIL=
201611240600 AAXX 24064 67403 11480 41202 10205 20183 48522 60104 72162 82531
                   333 10304 20170 58007 82610 82360 84080
                   555 00196=
201611230600 AAXX 23064 67403 32980 21002 10247 20176 48517 82031
                   333 10318 20188 59002 82360 81080
                   555 00198=
201611220600 AAXX 22064 67403 11475 41402 10203 20193 48516 60224 75062 82531
                   333 10311 20184 58007 82610 83360 81080
                   555 00194=
201611210600 AAXX 21064 67403 12475 62703 10202 20177 48509 60034 81331
                   333 10332 20186 58004 819// 82612 85360 82080
                   555 00199=
201611180600 AAXX 18064 67403 12980 30905 10222 20153 48525 69904 83030
                   333 10232 20164 58008 83360
                   555 00168=
201611170600 AAXX 17064 67403 11975 81203 10188 20172 48514 60054
                   333 10322 20171 58016 87360
                   555 00175=
201611160600 AAXX 16064 67403 32980 60908 10218 20156 48501 86030
                   333 10314 20187 59009 86360
                   555 00179=
201611150900 AAXX 15094 67403 NIL=
201611150600 AAXX 15064 67403 31975 80902 10217 20158 48509 70522 8703/
                   333 10276 20164 59007 87360
                   555 00172=
201611140900 AAXX 14094 67403 NIL=
201611140600 AAXX 14064 67403 31975 60803 10224 20172 48519 70522 86031
                   333 10288 20174 58002 86360 82080
                   555 00182=
201611110600 AAXX 11064 67403 32980 42702 10238 20186 48501 81031
                   333 10312 20191 59013 81360 84080
                   555 00188=
201611090600 AAXX 09064 67403 12980 30905 10243 20153 48523 60034 83080
                   333 10322 20188 59013 83360
                   555 00180=
201611070600 AAXX 07064 67403 11975 10602 10232 20153 48518 60024 80001
                   333 10296 20150 59003 81080
                   555 00152=
201611030600 AAXX 03064 67403 NIL=

################################################################################
#  SYNOPS from 67413, Mbala (Zambia) | 08-51S | 031-20E | 1673 m
################################################################################
201611301200 AAXX 30124 67413 NIL=
201611241500 AAXX 24154 67413 NIL=
201611240900 AAXX 24094 67413 NIL=
201611220600 AAXX 22064 67413 11978 20907 10225 20135 48/// 60014 70500 80001
                   333 10305 20170 5//// 81080
                   555 00///=
201611150900 AAXX 15094 67413 NIL=
201611150600 AAXX 15064 67413 NIL=
201611140900 AAXX 14094 67413 NIL=
201611030600 AAXX 03064 67413 NIL=

################################################################################
#  SYNOPS from 67441, Mwinilunga (Zambia) | 11-45S | 024-26E | 1361 m
################################################################################
201611301200 AAXX 30124 67441 NIL=
201611280600 AAXX 28064 67441 11960 81401 10177 20174 48538 60084 71688 8802/
                   333 10275 20186 58006 88460
                   555 00160=
201611241500 AAXX 24154 67441 NIL=
201611240900 AAXX 24094 67441 NIL=
201611180600 AAXX 18064 67441 11965 63301 10190 20172 48537 60304 70522 8603/
                   333 10295 20175 86360
                   555 00165=
201611170600 AAXX 17064 67441 11465 73503 10185 20175 48546 60054 70599 8453/
                   333 10300 20175 58009 84610 86360
                   555 00170=
201611160600 AAXX 16064 67441 11965 81303 10195 20160 48/// 69904 75055 8802/
                   333 10315 20185 58000 88460
                   555 00160=
201611150900 AAXX 15094 67441 NIL=
201611150600 AAXX 15064 67441 31965 71601 10188 20168 48537 70522 8703/
                   333 10310 20190 59027 87360
                   555 00150=
201611140900 AAXX 14094 67441 NIL=
201611140600 AAXX 14064 67441 31470 81502 10190 20166 48566 70522 885//
                   333 10275 20175 58027 88612
                   555 00170=
201611110600 AAXX 11064 67441 11970 61501 10190 20166 48537 60034 70522 8603/
                   333 10300 20168 59006 86360
                   555 00155=
201611090600 AAXX 09064 67441 31970 63101 10198 20153 48557 70522 86001
                   333 10315 20200 59001 86280
                   555 00145=
201611080600 AAXX 08064 67441 31970 72001 10200 20161 48566 70522 8702/
                   333 10325 20205 58007 87460
                   555 00145=
201611070600 AAXX 07064 67441 31970 00501 10208 20177 48556 70500
                   333 10325 20172 5////
                   555 00155=
201611040600 AAXX 04064 67441 11965 41501 10200 20176 48567 60034 70522 84030
                   333 10315 20195 58019 84360
                   555 00155=
201611030600 AAXX 03064 67441 11970 72801 10195 20172 48556 60034 70522 8703/
                   333 10310 20200 58015 87360
                   555 00120=
201611020600 AAXX 02064 67441 11970 40901 10200 20152 48538 60074 70511 84030
                   333 10328 20185 59013 84360
                   555 00145=
201611010600 AAXX 01064 67441 11970 32701 10198 20167 48547 60034 70511 83030
                   333 10330 20195 58005 83360
                   555 00150=

################################################################################
#  SYNOPS from 67461, Mansa (Zambia) | 11-06S | 028-51E | 1382 m
################################################################################
201612010600 AAXX 01064 67461 12480 70000 10191 20177 48530 60454 8157/
                   333 10304 20176 58024 81617 87460
                   555 00182 91020=
201611301200 AAXX 30124 67461 NIL=
201611250600 AAXX 25064 67461 32980 00902 10236 20192 48516
                   333 10296 20182 59026
                   555 00178 20094 91019=
201611241500 AAXX 24154 67461 NIL=
201611240900 AAXX 24094 67461 NIL=
201611180600 AAXX 18064 67461 11980 20602 10201 20166 48497 60014 72844 82030
                   333 10370 20150 59006 82360
                   555 00145 91017=
201611150900 AAXX 15094 67461 NIL=
201611150600 AAXX 15064 67461 NIL=
201611140900 AAXX 14094 67461 NIL=
201611030600 AAXX 03064 67461 NIL=

################################################################################
#  SYNOPS from 67475, Kasama (Zambia) | 10-13S | 031-08E | 1382 m
################################################################################
201611301200 AAXX 30124 67475 NIL=
201611300600 AAXX 30064 67475 31960 61411 10239 20158 48529 70522 8607/
                   333 10308 20174 58002 86360 91021=
201611280600 AAXX 28064 67475 11460 81708 10190 20178 48521 60174 70522 8467/
                   333 10314 20171 58000 84710 88360 91020=
201611250600 AAXX 25064 67475 32980 10812 10247 20124 48525 81031
                   333 10298 20168 59022 81360 81080
                   555 00165 91020=
201611241500 AAXX 24154 67475 NIL=
201611240900 AAXX 24094 67475 42660 61806 10231 20176 48528 8620/
                   333 58012 86830 91022=
201611240600 AAXX 24064 67475 12360 72406 10198 20184 48545 60024 75022 8367/
                   333 10322 20176 58009 83707 87460
                   555 00173 91023=
201611230600 AAXX 23064 67475 31860 60507 10237 20161 48538 70522 81138
                   333 10318 20180 58000 81858 81360 86280
                   555 00168 91022=
201611220600 AAXX 22064 67475 32560 10913 10233 20160 48537 81100
                   333 10312 20177 58012 81825
                   555 00160 91022=
201611210900 AAXX 21094 67475 42669 40809 10259 20172 48514 85101
                   333 58003 84840 83080 91019=
201611210600 AAXX 21064 67475 12560 31107 10219 20174 48525 60054 81171
                   333 10311 20169 58003 81825 81360 83080
                   555 00168 91020=
201611180900 AAXX 18094 67475 42660 60108 10230 20165 48529 8327/
                   333 58012 81935 82840 86361 91021=
201611180600 AAXX 18064 67475 12960 60106 10185 20136 48527 60234 8607/
                   333 10286 20155 58008 86360
                   555 00162 91021=
201611170600 AAXX 17064 67475 11460 72207 10187 20160 48519 69904 70522 81538
                   333 10314 20167 58006 81515 81360 87280
                   555 00164 91020=
201611160600 AAXX 16064 67475 11960 10707 10229 20129 48515 60024 70510 80001
                   333 10324 20165 59003 81080
                   555 00140 91019=
201611150900 AAXX 15094 67475 NIL=
201611150600 AAXX 15064 67475 11960 23505 10224 20129 48518 60014 70510 80001
                   333 10317 20154 59011 82080
                   555 00130=
201611140900 AAXX 14094 67475 NIL=
201611140600 AAXX 14064 67475 11960 53305 10237 20171 48530 60024 70522 85071
                   333 10322 20176 58007 85360 83080
                   555 00168 91021=
201611110600 AAXX 11064 67475 11960 20912 10258 20121 48513 69904 70521 80001
                   333 10339 20163 59015 82080
                   555 00148 91019=
201611100900 AAXX 10094 67475 41760 10611 10304 20108 48516 70500 81101
                   333 59016 81850 81080 91019=
201611100600 AAXX 10064 67475 31960 10612 10250 20132 48528 70500 80001
                   333 10338 20167 59014 81080
                   555 00140 91020=
201611090600 AAXX 09064 67475 11960 50414 10242 20131 48542 69904 71422 85070
                   333 10310 20169 59007 85360
                   555 00165 91022=
201611080600 AAXX 08064 67475 11960 10411 10221 20140 48548 60014 70521 81031
                   333 10322 20149 58007 81360 81080
                   555 00138 91023=
201611070600 AAXX 07064 67475 11960 10513 10241 20143 48542 69904 70500 81031
                   333 10332 20142 58003 81360 81080
                   555 00063 91022=
201611030600 AAXX 03064 67475 31960 40000 10242 20109 48536 70522 80008
                   333 10342 20169 58012 84280
                   555 00124 91021=
201611020600 AAXX 02064 67475 31960 60905 10229 20130 48523 70522 86070
                   333 10274 20165 59010 86360
                   555 00090 91020=
201611010900 AAXX 01094 67475 41960 83603 10231 20150 48529 71422 8807/
                   333 58016 88361 91021=
201611010600 AAXX 01064 67475 11959 80000 10210 20148 48532 69934 71522 8807/
                   333 10333 20174 58009 88460
                   555 00110 91021=

################################################################################
#  SYNOPS from 67476, Misamfu (Zambia) | 10-06S | 031-15E | 1536 m
################################################################################
201611301200 AAXX 30124 67476 NIL=
201611300600 AAXX 30064 67476 32980 61802 10239 20163 48/// 86031
                   333 10310 20180 58000 86360 82080
                   555 00148=
201611241500 AAXX 24154 67476 NIL=
201611240900 AAXX 24094 67476 NIL=
201611240600 AAXX 24064 67476 12580 72102 10201 20181 48/// 60014 87500
                   333 10312 20185 5//// 87625
                   555 00172=
201611230600 AAXX 23064 67476 32980 00403 10232 20164 48///
                   333 10318 20175 5////
                   555 00143=
201611220600 AAXX 22064 67476 32980 10303 10228 20162 48/// 80001
                   333 10305 20172 5//// 81080
                   555 00146=
201611180600 AAXX 18064 67476 12580 60903 10216 20118 48/// 60364 82170
                   333 10322 20160 5//// 82823 86360
                   555 00197=
201611160600 AAXX 16064 67476 12580 31003 10200 20124 48/// 60014 81130
                   333 10299 20146 58010 81820 83359
                   555 00183=
201611150900 AAXX 15094 67476 NIL=
201611150600 AAXX 15064 67476 12580 11003 10196 20118 48/// 81100
                   333 10299 20160 59004 81825
                   555 00170=
201611140900 AAXX 14094 67476 NIL=
201611140600 AAXX 14064 67476 32580 41103 10223 20107 48/// 81170
                   333 10296 20157 5//// 81823 83459
                   555 00193=
201611090600 AAXX 09064 67476 31979 40204 10225 20140 48/// 70522 84030
                   333 10302 20181 59008 84360
                   555 00150=
201611070600 AAXX 07064 67476 11978 00904 10232 20134 48/// 69904 70500
                   333 10334 20143 5////
                   555 00102=
201611030600 AAXX 03064 67476 31978 20401 10235 20118 48/// 70500 80001
                   333 10330 20146 58001 82080
                   555 00100=
201611020600 AAXX 02064 67476 11978 70203 10218 20137 48/// 69904 70522 87031
                   333 10327 20161 87360 81080
                   555 00143=

################################################################################
#  SYNOPS from 67477, Mpika (Zambia) | 11-54S | 031-26E | 1400 m
################################################################################
201612010600 AAXX 01064 67477 12480 70000 10193 20130 48542 60014 8257/
                   333 10303 20178 58011 82612 86459
                   555 00170=
201611301200 AAXX 30124 67477 NIL=
201611250600 AAXX 25064 67477 32980 21203 10256 20130 48525 82030
                   333 10313 20162 5//// 82359
                   555 00143=
201611241500 AAXX 24154 67477 NIL=
201611240900 AAXX 24094 67477 NIL=
201611240600 AAXX 24064 67477 11470 52702 10208 20140 48/// 60014 70522 85500
                   333 10320 20172 5//// 85612
                   555 00163=
201611230600 AAXX 23064 67477 32480 31206 10248 20130 48/// 82101
                   333 10316 20180 5//// 82814 82080
                   555 00///=
201611180600 AAXX 18064 67477 12980 61204 10232 20130 48532 69904 86070
                   333 10282 20148 58008 86459
                   555 00144=
201611170600 AAXX 17064 67477 12980 70000 10218 20130 48523 69904 8707/
                   333 10313 20173 58011 87459
                   555 00151=
201611150900 AAXX 15094 67477 NIL=
201611150600 AAXX 15064 67477 12480 30904 10250 2//// 48530 69904 82101
                   333 10336 20172 58000 83814 81080
                   555 00142=
201611140900 AAXX 14094 67477 NIL=
201611140600 AAXX 14064 67477 11970 20904 10243 20130 48530 60024 70500 82031
                   333 10339 20143 58014 82359 81080
                   555 00153=
201611110600 AAXX 11064 67477 32980 40000 10250 20120 48515 80001
                   333 10350 20172 59007 84080
                   555 00162=
201611100600 AAXX 10064 67477 12980 01202 10256 20100 48523 69904
                   333 10334 20160 59022
                   555 00142=
201611030600 AAXX 03064 67477 NIL=
201611020600 AAXX 02064 67477 12980 21202 10236 20120 48532 60054 82030
                   333 10338 20152 58001 82360
                   555 00162=

################################################################################
#  SYNOPS from 67481, Isoka (Zambia) | 10-07S | 032-38E | 1360 m
################################################################################
201612010600 AAXX 01064 67481 12480 62703 10226 20176 48/// 69904 82280
                   333 10325 20190 58010 82818 86361
                   555 00190=
201611301200 AAXX 30124 67481 NIL=
201611300600 AAXX 30064 67481 12980 30903 10242 20174 48/// 60014 83050
                   333 10334 20190 5//// 83361
                   555 00190=
201611241500 AAXX 24154 67481 NIL=
201611240900 AAXX 24094 67481 NIL=
201611240600 AAXX 24064 67481 12580 30302 10226 20167 48/// 69904 82131
                   333 10310 20182 5//// 82820 81360 83080
                   555 00///=
201611230600 AAXX 23064 67481 32680 22402 10249 20165 48/// 81131
                   333 10332 20190 5//// 81832 81360 82080
                   555 00155=
201611180600 AAXX 18064 67481 12980 80000 10196 20170 48/// 60364 8807/
                   333 10316 20168 58016 88460
                   555 00///=
201611170600 AAXX 17064 67481 32980 10902 10232 20155 48/// 81050
                   333 10312 20180 58004 81361
                   555 00160=
201611150900 AAXX 15094 67481 NIL=
201611150600 AAXX 15064 67481 32680 10000 10240 20169 48/// 81100
                   333 10334 20160 5//// 81831
                   555 00138=
201611140900 AAXX 14094 67481 NIL=
201611140600 AAXX 14064 67481 32980 13602 10248 20157 48/// 80001
                   333 10324 20182 58006 81080
                   555 00160=
201611110600 AAXX 11064 67481 32980 32103 10242 20140 48/// 80001
                   333 10352 20178 5//// 83080
                   555 00150=
201611100600 AAXX 10064 67481 32980 10603 10243 20138 48/// 80002
                   333 10340 20170 59017 81080
                   555 00140=
201611090600 AAXX 09064 67481 32980 20603 10243 20125 48/// 82050
                   333 10304 20175 59006 82361
                   555 00156=
201611070600 AAXX 07064 67481 12980 20902 10232 20130 48/// 69904 82080
                   333 10328 20154 5//// 82360
                   555 00125=
201611030600 AAXX 03064 67481 NIL=
201611020600 AAXX 02064 67481 12980 51201 10238 20136 48/// 69904 82041
                   333 10270 20176 59005 82361 83080
                   555 00150=

################################################################################
#  SYNOPS from 67531, Zambezi (Zambia) | 13-32S | 023-07E | 1077 m
################################################################################
201612010600 AAXX 01064 67531 12980 53002 10230 20186 48/// 60014 85030
                   333 10264 20175 59008 85361
                   555 00190=
201611301200 AAXX 30124 67531 NIL=
201611241500 AAXX 24154 67531 NIL=
201611240900 AAXX 24094 67531 NIL=
201611210600 AAXX 21064 67531 12580 70606 10215 20178 48/// 69904 71792 8227/
                   333 10316 20191 58018 81920 82820 87360
                   555 00195=
201611150900 AAXX 15094 67531 NIL=
201611150600 AAXX 15064 67531 NIL=
201611140900 AAXX 14094 67531 NIL=
201611140600 AAXX 14064 67531 32580 30908 10212 20162 48/// 81130
                   333 10320 20205 58022 81820 83361
                   555 00210=
201611030600 AAXX 03064 67531 12980 53307 10231 20170 48/// 69904
                   333 10350 20//0 5//// 85281
                   555 00175=

################################################################################
#  SYNOPS from 67541, Kasempa (Zambia) | 13-32S | 025-51E | 1234 m
################################################################################
201611301200 AAXX 30124 67541 NIL=
201611280600 AAXX 28064 67541 12380 70502 10195 20187 48504 60094 70222 8353/
                   333 10330 20170 58002 83606 87360=
201611241500 AAXX 24154 67541 NIL=
201611240900 AAXX 24094 67541 NIL=
201611150900 AAXX 15094 67541 NIL=
201611150600 AAXX 15064 67541 NIL=
201611140900 AAXX 14094 67541 NIL=
201611030600 AAXX 03064 67541 NIL=

################################################################################
#  SYNOPS from 67543, Kabompo (Zambia) | 13-36S | 024-12E | 1075 m
################################################################################
201611301200 AAXX 30124 67543 NIL=
201611241500 AAXX 24154 67543 NIL=
201611240900 AAXX 24094 67543 NIL=
201611240600 AAXX 24064 67543 12980 60000 10227 20193 48/// 69904 86030
                   333 10334 20188 5//// 86360
                   555 00166=
201611220600 AAXX 22064 67543 31970 60000 10240 20183 48/// 70522 86030
                   333 10350 20196 5//// 86360
                   555 00170=
201611210600 AAXX 21064 67543 31370 71502 10216 20164 48/// 70522 8567/
                   333 10348 20200 5//// 85706 87360
                   555 00170=
201611150900 AAXX 15094 67543 NIL=
201611150600 AAXX 15064 67543 NIL=
201611140900 AAXX 14094 67543 NIL=
201611070600 AAXX 07064 67543 31965 00000 10242 20162 48/// 70500
                   333 10372 20178 5////
                   555 00140=
201611030600 AAXX 03064 67543 NIL=
201611020600 AAXX 02064 67543 31970 20000 10238 20153 48/// 70500 82030
                   333 10388 20174 5//// 82361
                   555 00136=

################################################################################
#  SYNOPS from 67551, Solwezi (Zambia) | 12-11S | 026-23E | 1386 m
################################################################################
201611301200 AAXX 30124 67551 NIL=
201611241500 AAXX 24154 67551 NIL=
201611240900 AAXX 24094 67551 NIL=
201611230600 AAXX 23064 67551 11258 81006 10182 20182 48543 60586 79596 8667/
                   333 10299 20174 58014 86720 88762
                   555 00191 91022=
201611150900 AAXX 15094 67551 NIL=
201611150600 AAXX 15064 67551 NIL=
201611140900 AAXX 14094 67551 NIL=
201611030600 AAXX 03064 67551 NIL=

################################################################################
#  SYNOPS from 67561, Ndola (Zambia) | 13-00S | 028-39E | 1269 m
################################################################################
201612010600 AAXX 01064 67561 11260 40000 10208 20182 48538 69904 72844 83631
                   333 10281 20174 58011 83704 82360 81080 91021=
201611301200 AAXX 30124 67561 NIL=
201611300600 AAXX 30064 67561 11970 70000 10236 20196 48531 60014 70522 87080
                   333 10296 20204 58003 87360
                   555 00/// 20990=
201611290600 AAXX 29064 67561 11960 71004 10228 20185 48527 69904 70562 8703/
                   333 10246 20189 59013 87359
                   555 00/// 20054=
201611280600 AAXX 28064 67561 11350 81003 10174 20174 48536 60544 76596 8277/
                   333 10288 20169 58021 82705 88459
                   555 00/// 20088 91021=
201611250600 AAXX 25064 67561 31959 40000 10230 20178 48521 74244 81032
                   333 10285 20177 59030 81360 83080
                   555 00/// 91019=
201611241500 AAXX 24154 67561 42680 70403 10278 20168 48498 83268
                   333 59021 81940 83845 81360 86280=
201611240900 AAXX 24094 67561 NIL=
201611240600 AAXX 24064 67561 11260 70105 10186 20178 48547 60094 76196 8467/
                   333 10294 20179 58016 84704 87459
                   555 00/// 91023=
201611220600 AAXX 22064 67561 11960 60907 10224 20178 48533 60064 70511 86030
                   333 10285 20194 58005 86360 91020=
201611210600 AAXX 21064 67561 11359 80000 10180 20180 48524 60624 76096 8677/
                   333 10330 20170 58001 86706 819// 88459 91020=
201611180600 AAXX 18064 67561 11960 60000 10182 20166 48523 60304
                   333 10312 20159 58007 86360
                   555 00/// 91020=
201611150900 AAXX 15094 67561 NIL=
201611150600 AAXX 15064 67561 NIL=
201611140900 AAXX 14094 67561 NIL=
201611110600 AAXX 11064 67561 31959 71007 10261 20118 48509 70422 80008
                   333 10350 20184 59016 87280
                   555 00/// 91017=
201611090600 AAXX 09064 67561 31956 00903 10231 20131 48544 70400
                   333 10328 20164 59001
                   555 00/// 91022=
201611030600 AAXX 03064 67561 31959 70000 10233 20157 48541 70422 83038
                   333 10338 20192 58018 83360 85280
                   555 00/// 91021=

################################################################################
#  SYNOPS from 67563, Kafironda (Zambia) | 12-36S | 028-07E | 1243 m
################################################################################
201611301200 AAXX 30124 67563 NIL=
201611250600 AAXX 25064 67563 32970 30000 10210 20180 48/// 80002
                   333 10270 20155 5//// 83280=
201611241500 AAXX 24154 67563 NIL=
201611240900 AAXX 24094 67563 NIL=
201611240600 AAXX 24064 67563 11460 80000 10185 20178 48/// 60124 76166 8267/
                   333 10280 20180 5//// 82708 88459=
201611230600 AAXX 23064 67563 11860 70908 10230 20200 48/// 60044 71729 8327/
                   333 10310 20190 58007 81958 83825 87358=
201611220600 AAXX 22064 67563 32970 40804 10250 20165 48/// 84030
                   333 10330 20180 58003 84360=
201611210600 AAXX 21064 67563 11360 80000 10180 20180 48/// 60364 76166 887//
                   333 10340 20150 5//// 88708=
201611150900 AAXX 15094 67563 NIL=
201611150600 AAXX 15064 67563 NIL=
201611140900 AAXX 14094 67563 NIL=
201611030600 AAXX 03064 67563 NIL=

################################################################################
#  SYNOPS from 67571, Serenje (Zambia) | 13-14S | 030-13E | 1384 m
################################################################################
201611301200 AAXX 30124 67571 42682 40906 10290 20160 48/// 70111 83201
                   333 81940 83840 81080=
201611300600 AAXX 30064 67571 12982 71206 10225 20165 48/// 60114 70222 8703/
                   333 10291 20195 5//// 87360=
201611291200 AAXX 29124 67571 41656 72702 10231 20161 48/// 78198 872//
                   333 5//// 81930 87832=
201611280600 AAXX 28064 67571 11378 83602 10187 20168 48/// 69904 76166 877//
                   333 10271 20178 5//// 88708
                   555 00188=
201611250600 AAXX 25064 67571 12982 00906 10255 20126 48/// 60014
                   333 10280 20166 5////
                   555 00///=
201611241500 AAXX 24154 67571 NIL=
201611240900 AAXX 24094 67571 NIL=
201611210600 AAXX 21064 67571 12982 71203 10214 20173 48/// 60024 70222 81038
                   333 10293 20185 5//// 81360 87280=
201611180900 AAXX 18094 67571 42680 12704 10296 20163 48/// 70200 81230
                   333 5//// 81830 81360=
201611180600 AAXX 18064 67571 12980 60000 10186 20161 48/// 60144 70122 86030
                   333 10288 20150 5////
                   555 00///=
201611170600 AAXX 17064 67571 12980 73603 10244 20151 48/// 60014 70222 8703/
                   333 10283 20170 5//// 87360
                   555 00///=
201611160600 AAXX 16064 67571 12580 71208 10206 20157 48/// 69904 70222 8453/
                   333 10322 20184 5//// 84620 87360=
201611150900 AAXX 15094 67571 42680 70906 10285 20134 48/// 70311 8423/
                   333 5//// 81935 84835 87360=
201611150600 AAXX 15064 67571 12580 21508 10229 20140 48/// 60044 82230
                   333 10306 20155 5//// 82825 81360
                   555 00238=
201611140900 AAXX 14094 67571 42680 70000 10282 20133 48/// 70222 8133/
                   333 5//// 81930 81830 87360=
201611140600 AAXX 14064 67571 12980 72702 10231 20148 48/// 69904 70222 81038
                   333 10331 20170 5//// 81360 87280=
201611110600 AAXX 11064 67571 32975 73302 10239 20106 48503 70222 80008
                   333 10350 20176 59007 87280=
201611100900 AAXX 10094 67571 42680 23606 10325 20075 48507 70500 81101
                   333 59020 81835 81081=
201611090600 AAXX 09064 67571 12980 10606 10250 20120 48/// 69904 70500 81030
                   333 10322 20175 5//// 81360
                   555 00///=
201611070600 AAXX 07064 67571 12980 00606 10245 20127 48534 69904 70500
                   333 10332 20184 5////
                   555 00300=
201611040600 AAXX 04064 67571 32980 00908 10250 20137 48554 70500
                   333 10326 20200 58020
                   555 00300=
201611030600 AAXX 03064 67571 32980 00906 10246 20130 48534 70500
                   333 10324 20194 59004
                   555 00///=
201611020600 AAXX 02064 67571 32980 31206 10246 20120 48/// 69944 70500 80001
                   333 10318 20165 5//// 83080
                   555 00///=
201611010900 AAXX 01094 67571 42680 63302 10300 20130 48526 70311 86200
                   333 58013 81930 86830=

################################################################################
#  SYNOPS from 67575, Mkushi (Zambia) | 13-38-00S | 029-26-00E | 1237 m
################################################################################
201611301200 AAXX 30124 67575 NIL=
201611241500 AAXX 24154 67575 NIL=
201611240900 AAXX 24094 67575 NIL=
201611150900 AAXX 15094 67575 NIL=
201611150600 AAXX 15064 67575 12975 31405 10244 20142 48428 60014 70511 82072
                   333 10295 20160 58016 82360 81080
                   555 00180=
201611140900 AAXX 14094 67575 NIL=
201611140600 AAXX 14064 67575 32975 62003 10236 20156 48487 70522 83072
                   333 10335 20213 59027 83360 83080
                   555 00172=
201611030600 AAXX 03064 67575 NIL=

################################################################################
#  SYNOPS from 67580, Msekera (Zambia) | 13-39S | 032-34E | 1025 m
################################################################################
201611301200 AAXX 30124 67580 NIL=
201611300600 AAXX 30064 67580 12680 41203 10270 20196 48/// 60034 81131
                   333 10314 20174 59003 81832 82360 81080
                   555 00176=
201611280600 AAXX 28064 67580 11580 81202 10190 20190 48/// 60794 76162 8527/
                   333 10297 20163 58012 86816 88460
                   555 00157=
201611250600 AAXX 25064 67580 12980 71202 10258 20178 48/// 69904 87030
                   333 10338 20197 5//// 87861
                   555 00199=
201611241500 AAXX 24154 67580 NIL=
201611240900 AAXX 24094 67580 NIL=
201611150900 AAXX 15094 67580 NIL=
201611150600 AAXX 15064 67580 NIL=
201611140900 AAXX 14094 67580 NIL=
201611140600 AAXX 14064 67580 32980 40304 10300 20154 48/// 80001
                   333 10376 20208 58013 84080
                   555 00202=
201611100600 AAXX 10064 67580 32980 00906 10300 20181 48///
                   333 10373 20185 59020
                   555 00187=
201611090600 AAXX 09064 67580 12980 31004 10299 20166 48/// 69904 82031
                   333 10342 20198 5//// 82361 81080
                   555 00175=
201611030600 AAXX 03064 67580 NIL=

################################################################################
#  SYNOPS from 67581, Chipata (Zambia) | 13-33S | 032-35E | 1028 m
################################################################################
201611301200 AAXX 30124 67581 NIL=
201611300600 AAXX 30064 67581 12980 41603 10252 20195 48543 60034 83031
                   333 10270 20196 58000 83360 81080
                   555 00189 91020=
201611290600 AAXX 29064 67581 32580 31805 10250 20193 48542 81830
                   333 10260 20195 59001 81825 83360
                   555 00192=
201611280600 AAXX 28064 67581 11360 80805 10188 20188 48532 61194 76169 8267/
                   333 10230 20170 58010 82708 88460
                   555 00172 91020=
201611241500 AAXX 24154 67581 NIL=
201611240900 AAXX 24094 67581 NIL=
201611160600 AAXX 16064 67581 31960 50708 10270 20142 48540 70522 80001
                   333 10310 20196 5//// 85080
                   555 00/// 91019=
201611150900 AAXX 15094 67581 NIL=
201611150600 AAXX 15064 67581 NIL=
201611140900 AAXX 14094 67581 NIL=
201611140600 AAXX 14064 67581 31960 40306 10280 20140 48539 70522 80001
                   333 10345 20239 58012 84080
                   555 00228 91019=
201611040600 AAXX 04064 67581 31960 20605 10283 20154 48584 70500 82030
                   333 10322 20171 58015 82360
                   555 00203 91023=
201611030600 AAXX 03064 67581 NIL=

################################################################################
#  SYNOPS from 67583, Lundazi (Zambia) | 12-17S | 033-12E | 1143 m
################################################################################
201611301200 AAXX 30124 67583 NIL=
201611241500 AAXX 24154 67583 NIL=
201611240900 AAXX 24094 67583 NIL=
201611150900 AAXX 15094 67583 NIL=
201611150600 AAXX 15064 67583 NIL=
201611140900 AAXX 14094 67583 NIL=
201611030600 AAXX 03064 67583 NIL=

################################################################################
#  SYNOPS from 67599, Mfuwe (Zambia) | 13-16S | 031-56E | 568 m
################################################################################
201611301200 AAXX 30124 67599 NIL=
201611300600 AAXX 30064 67599 32980 60000 10276 20217 48538 86030
                   333 10365 20220 59005 86360
                   555 00210=
201611290600 AAXX 29064 67599 12980 21304 10265 20213 48540 60244 82030
                   333 10320 20220 59003 82080
                   555 00210 91017=
201611241500 AAXX 24154 67599 NIL=
201611240900 AAXX 24094 67599 NIL=
201611240600 AAXX 24064 67599 12980 70000 10270 20221 48545 60144 8703/
                   333 10362 20216 58003 87360
                   555 00214 91017=
201611180600 AAXX 18064 67599 32980 50000 10280 20184 48550 85030
                   333 10317 20210 58022 85360
                   555 00198 20271 91017=
201611150900 AAXX 15094 67599 NIL=
201611150600 AAXX 15064 67599 NIL=
201611140900 AAXX 14094 67599 NIL=
201611140600 AAXX 14064 67599 32980 40908 10337 20121 48540 80002
                   333 10410 20264 58012 84080
                   555 00260 91014=
201611080600 AAXX 08064 67599 32980 00806 10292 20159 48571
                   333 10385 20190 58014
                   555 00185 91019=
201611030600 AAXX 03064 67599 NIL=

################################################################################
#  SYNOPS from 67625, Kalabo (Zambia) | 14-51S | 022-42E | 1033 m
################################################################################
201611301200 AAXX 30124 67625 NIL=
201611250600 AAXX 25064 67625 11482 70810 10200 20188 48/// 60014 75052 8667/
                   333 10306 20190 86710 87460
                   555 00186=
201611241500 AAXX 24154 67625 NIL=
201611240900 AAXX 24094 67625 NIL=
201611230600 AAXX 23064 67625 12382 73003 10222 20194 48/// 69904 8363/
                   333 10314 20190 83709 87460
                   555 00187=
201611210600 AAXX 21064 67625 11482 81008 10215 20186 48/// 60044 75052 8472/
                   333 10346 20150 5//// 83715 88460
                   555 00142=
201611150900 AAXX 15094 67625 NIL=
201611150600 AAXX 15064 67625 NIL=
201611140900 AAXX 14094 67625 NIL=
201611100600 AAXX 10064 67625 12982 71001 10208 20184 48/// 60104 86034
                   333 10367 20183 86360 87075
                   555 00172=
201611030600 AAXX 03064 67625 NIL=

################################################################################
#  SYNOPS from 67633, Mongu (Zambia) | 15-15S | 023-09E | 1052 m
################################################################################
201611301200 AAXX 30124 67633 NIL=
201611241500 AAXX 24154 67633 NIL=
201611240900 AAXX 24094 67633 NIL=
201611150900 AAXX 15094 67633 NIL=
201611150600 AAXX 15064 67633 NIL=
201611140900 AAXX 14094 67633 NIL=
201611030600 AAXX 03064 67633 32980 03405 10243 20174 48539 70200
                   333 10367 20218 58014
                   555 00218 91020=
201611020600 AAXX 02064 67633 12980 03604 10247 20160 48530 60014 70200
                   333 10317 20213 58018
                   555 00210 91019=

################################################################################
#  SYNOPS from 67641, Kaoma (Zambia) | 14-48S | 024-48E | 1213 m
################################################################################
201611301200 AAXX 30124 67641 NIL=
201611241500 AAXX 24154 67641 NIL=
201611240900 AAXX 24094 67641 NIL=
201611150900 AAXX 15094 67641 NIL=
201611150600 AAXX 15064 67641 NIL=
201611140900 AAXX 14094 67641 NIL=
201611110600 AAXX 11064 67641 12980 72604 10204 20166 48496 60094 87030
                   333 10//0 20189 58016 87360
                   555 00/// 91015=
201611030600 AAXX 03064 67641 NIL=

################################################################################
#  SYNOPS from 67655, Mumbwa (Zambia) | 15-04S | 027-11E | 1216 m
################################################################################
201611301200 AAXX 30124 67655 NIL=
201611241500 AAXX 24154 67655 NIL=
201611240900 AAXX 24094 67655 NIL=
201611150900 AAXX 15094 67655 NIL=
201611150600 AAXX 15064 67655 NIL=
201611140900 AAXX 14094 67655 NIL=
201611030600 AAXX 03064 67655 NIL=

################################################################################
#  SYNOPS from 67659, Kafue Polder (Zambia) | 15-46S | 027-55E | 978 m
################################################################################
201611301200 AAXX 30124 67659 NIL=
201611300600 AAXX 30064 67659 12480 71804 10269 20200 48/// 69904 70222 81820
                   333 10318 20198 58004 81820 86360=
201611280600 AAXX 28064 67659 12480 81404 10/// 20200 48/// 60094 70322 87401
                   333 10245 20190 59001 85410 82815 81080=
201611241500 AAXX 24154 67659 NIL=
201611240900 AAXX 24094 67659 NIL=
201611220600 AAXX 22064 67659 12380 81806 10//0 20201 48/// 60084 83220
                   333 10300 20210 59001 83825 85460
                   555 00///=
201611210600 AAXX 21064 67659 12380 71904 10230 20194 48/// 60014 84230
                   333 10361 20210 58005 84830 83360
                   555 00///=
201611150900 AAXX 15094 67659 NIL=
201611150600 AAXX 15064 67659 NIL=
201611140900 AAXX 14094 67659 NIL=
201611070600 AAXX 07064 67659 32380 12008 10146 48/// 70322 81100
                   333 10365 20180 58007 81825
                   555 00///=
201611030600 AAXX 03064 67659 NIL=

################################################################################
#  SYNOPS from 67662, Kabwe Agric (Zambia) | 14-24S | 028-30E | 1165 m
################################################################################
201611301200 AAXX 30124 67662 NIL=
201611300600 AAXX 30064 67662 32980 60804 10258 20192 48/// 85031
                   333 10304 20198 5//// 85360 82080
                   555 00186=
201611241500 AAXX 24154 67662 NIL=
201611240900 AAXX 24094 67662 NIL=
201611240600 AAXX 24064 67662 12980 70000 10221 20189 48/// 60194 8707/
                   333 10304 20182 87360
                   555 00178=
201611230600 AAXX 23064 67662 32980 71004 10239 20178 48/// 87030
                   333 10315 20200 87360
                   555 00184=
201611220600 AAXX 22064 67662 32980 71402 10228 20187 48/// 87030
                   333 10285 20204 87360
                   555 00200=
201611210600 AAXX 21064 67662 12980 80000 10207 20186 60404 8807/
                   333 10343 20178 88460
                   555 00152=
201611150900 AAXX 15094 67662 NIL=
201611150600 AAXX 15064 67662 NIL=
201611140900 AAXX 14094 67662 NIL=
201611140600 AAXX 14064 67662 11978 80000 10201 20179 48/// 60134 76066 8807/
                   333 10362 20186 88460
                   555 00151=
201611100600 AAXX 10064 67662 12980 20606 10269 20166 48/// 69904 80001
                   333 10354 20194 82080
                   555 00165=
201611090600 AAXX 09064 67662 31975 00802 10261 20158 48/// 70500
                   333 10350 20168 5////
                   555 00141=
201611030600 AAXX 03064 67662 NIL=

################################################################################
#  SYNOPS from 67663, Kabwe (Zambia) | 14-27S | 028-28E | 1206 m
################################################################################
201611301200 AAXX 30124 67663 NIL=
201611241500 AAXX 24154 67663 NIL=
201611240900 AAXX 24094 67663 NIL=
201611150900 AAXX 15094 67663 NIL=
201611150600 AAXX 15064 67663 NIL=
201611140900 AAXX 14094 67663 NIL=
201611030600 AAXX 03064 67663 NIL=

################################################################################
#  SYNOPS from 67665, Lusaka Internationalairport (Zambia) | 15-19S | 028-27E | 1152 m
################################################################################
201612010600 AAXX 01064 67665 31980 41201 10251 20175 48548 69904 70222 80002
                   333 10312 20//0 58003 84080=
201612010300 AAXX 01034 67665 42980 32304 10202 20178 48525 70200 80001
                   333 59006 83080=
201611302100 AAXX 30214 67665 42780 42210 10219 20181 48537 71322 81930
                   333 58009 81956 83360=
201611301800 AAXX 30184 67665 42980 02605 10253 20154 48527
                   333 58003=
201611301200 AAXX 30124 67665 NIL=
201611300900 AAXX 30094 67665 42580 50808 10278 20172 48547 70222 8223/
                   333 58003 82835 83360=
201611300600 AAXX 30064 67665 32980 20711 10244 20165 48543 70200 81031
                   333 10242 20//0 58003 81360 82080
                   555 91021=
201611300300 AAXX 30034 67665 42980 21103 10196 20164 48524 82030
                   333 58000 82360=
201611292100 AAXX 29214 67665 42980 10000 10219 20175 48528 81030
                   333 59008 81360=
201611291800 AAXX 29184 67665 42980 41303 10246 20189 48523 70222 83031
                   333 10316 83360 83080=
201611291500 AAXX 29154 67665 42780 51109 10290 20160 48505 70222 85201
                   333 59008 85850 82080=
201611291200 AAXX 29124 67665 42680 60708 10296 20149 48522 70222 86200
                   333 59006 86840=
201611290900 AAXX 29094 67665 42580 40608 10259 20178 48538 70122 84131
                   333 59003 84830 82360=
201611290600 AAXX 29064 67665 32380 41008 10204 20179 48535 70322 81531
                   333 10213 20//0 59005 81610 84360 82080 91020=
201611290000 AAXX 29004 67665 42980 10808 10191 20174 48519 70112 81030
                   333 58004 81359=
201611281800 AAXX 28184 67665 32480 61604 10204 20177 48527 70222 85230
                   333 58014 85820 84360
                   555 91019=
201611281500 AAXX 28154 67665 42480 70504 10241 20169 48507 70222
                   333 58003 91017=
201611281200 AAXX 28124 67665 42480 70609 10240 20181 48521 70222 85530
                   333 58015 85620 84620 85845 83360
                   555 91018=
201611280900 AAXX 28094 67665 42459 70405 10216 20176 48536 72166 83570
                   333 58011 83612 87459=
201611280600 AAXX 28064 67665 11357 80306 10188 20188 48539 60134 76022 8577/
                   333 10261 20//0 58011 85706 88458
                   555 00///=
201611280000 AAXX 28004 67665 42360 80908 10187 20184 48516 8563/
                   333 58002 85705 88359=
201611271500 AAXX 27154 67665 41257 81709 10191 20191 48504 71566 8233/
                   333 58008 81705 82938 84640 87360=
201611271200 AAXX 27124 67665 42680 70907 10243 20187 48506 8683/
                   333 59011 84833 85635 85360=
201611270900 AAXX 27094 67665 42680 71012 10240 20172 48528 70322 8683/
                   333 59015 83628 86630 85360=
201611270600 AAXX 27064 67665 42580 71104 10188 20145 48533 8753/
                   333 58004 85630 82360=
201611270300 AAXX 27034 67665 42580 61305 10180 20144 48506 84502
                   333 58016 84630 82080=
201611262100 AAXX 26214 67665 42980 21203 10190 20145 48516 80001
                   333 58011 83080=
201611261800 AAXX 26184 67665 42480 50903 10196 20150 48510 82532
                   333 58014 82612 83359 83080=
201611261500 AAXX 26154 67665 42959 71805 10217 20159 48000 83032
                   333 58018 83359 87080=
201611260900 AAXX 26094 67665 41358 83502 10181 20160 48534 76166 8377/
                   333 58025 83709 88358=
201611260600 AAXX 26064 67665 11358 81405 10190 20174 48508 60044 76066 8677/
                   333 10295 20//0 59003 84706 87458=
201611251800 AAXX 25184 67665 42980 51605 10238 20168 48501 70222 80001
                   333 10295 59024 86080=
201611251500 AAXX 25154 67665 42780 51204 10274 20165 48488 70222 82201
                   333 59031 82850 86080=
201611251200 AAXX 25124 67665 42680 71208 10256 20174 48500 70222 8423/
                   333 59021 84835 87360=
201611250900 AAXX 25094 67665 42580 70000 10284 20220 48522 83530
                   333 59001 81609 82830 86360=
201611250600 AAXX 25064 67665 12360 71203 10231 20184 48532 60144 81530
                   333 10350 20//0 58023 81609 87360=
201611250300 AAXX 25034 67665 41360 73303 10227 20173 48513 8177/
                   333 59026 81706 87459 91018=
201611242100 AAXX 24214 67665 42/80 22303 10222 20194 48529 82030
                   333 59027 819// 82360 91019=
201611241800 AAXX 24184 67665 42980 00000 10234 20064 48523 70200
                   333 59007=
201611241500 AAXX 24154 67665 NIL=
201611240900 AAXX 24094 67665 42580 50305 10285 20162 48455 70222 82130
                   333 58005 82822 83360=
201611240600 AAXX 24064 67665 42460 70103 10225 20188 48555 70324 8457/
                   333 58010 84618 87359=
201611231200 AAXX 23124 67665 42680 60909 10313 20152 48513 85202
                   333 58013 85832 82080=
201611230900 AAXX 23094 67665 42580 50610 10290 20160 48551 70300 83102
                   333 58005 83828 84080 91021=
201611230600 AAXX 23064 67665 32980 30810 10259 20176 48554 70200 82031
                   333 10302 20//0 59001 92360=
201611230300 AAXX 23034 67665 42980 21702 10199 20168 48527 70200 82030
                   333 58001 82360=
201611222100 AAXX 22214 67665 42980 31702 10233 20172 48526 70222 83030
                   333 59006 83360=
201611221800 AAXX 22184 67665 22184 42/80 71702 10284 20210 48527 81932
                   333 58002 819// 86360 81080
                   555 91018=
201611221500 AAXX 22154 67665 42/80 71305 10286 20214 48510 70222
                   333 58005 91016=
201611221200 AAXX 22124 67665 42680 71104 10305 20182 48526 70322 85231
                   333 58007 85845 83360 82080=
201611220900 AAXX 22094 67665 42680 60309 10290 20187 48546 70322 84131
                   333 58001 84838 85360 83080=
201611220300 AAXX 22034 67665 42980 01204 10210 20193 48519 70200
                   333 58003=
201611220000 AAXX 22004 67665 42980 01004 10228 20183 48518 70200
                   333 58008=
201611212100 AAXX 21214 67665 42980 01203 10230 20185 48531 70200
                   333 58009=
201611210900 AAXX 21094 67665 42680 60506 10275 20160 48544 70222 86230
                   333 58012 86830 83360=
201611210600 AAXX 21064 67665 32580 50606 10233 20162 48531 70222 83530
                   333 10331 20//0 83520 84360=
201611201800 AAXX 20184 67665 41780 71705 10234 20164 48514 71322 81930
                   333 58009 81956 87359=
201611201500 AAXX 20154 67665 42780 71309 10262 20149 48493 70222 81930
                   333 58005 81956 86359=
201611201200 AAXX 20124 67665 42680 61220 10273 20148 48509 70222 82520
                   333 58000 85845=
201611200900 AAXX 20094 67665 42680 20000 10305 20150 48530 70200 82100
                   333 58032 82840=
201611200600 AAXX 20064 67665 42680 20508 10257 20162 48542 70300 82130
                   333 58002 82835 81360=
201611200300 AAXX 20034 67665 42980 00103 10216 20151 48515 70200
                   333 59001=
201611192100 AAXX 19214 67665 42980 01403 10240 20144 48522 70200
                   333 58005=
201611190900 AAXX 19094 67665 42680 40709 10301 20143 49539 58005 84833=
201611190600 AAXX 19064 67665 12980 10910 10270 20143 48543 6///4 81030
                   333 10//0 20//0 58002 81360=
201611190000 AAXX 19004 67665 42980 31002 10220 20164 48508 83030
                   333 59009 83360=
201611182100 AAXX 18214 67665 42980 01702 10232 20125 48516
                   333 59007 91018=
201611181800 AAXX 18184 67665 42980 01302 10266 20147 48511 70100
                   333 58004=
201611181500 AAXX 18154 67665 42680 21004 10314 20154 48499 70100 82231
                   333 58012 82840 81360 82080=
201611181200 AAXX 18124 67665 42680 61210 10254 20114 48516 70210 81331
                   333 58020 81933 84835 82360 83080=
201611181019 AAXX 18104 67665 42680 12804 10293 20144 48542 70300 81100 91019=
201611180600 AAXX 18064 67665 32980 10237 20159 48535 70200 81030
                   333 10336 20//0 58003 81360=
201611180300 AAXX 18034 67665 42980 00401 10190 20150 48515 70200
                   333 59002=
201611180000 AAXX 18004 67665 42980 03603 10199 20146 48514 70200
                   333 58004=
201611172100 AAXX 17214 67665 42980 00204 10239 20145 48524 70200
                   333 59001=
201611171800 AAXX 17184 67665 42980 10807 10272 20172 48507 81030
                   333 59009 81359=
201611171500 AAXX 17154 67665 42680 20404 10328 20192 48489 82200
                   333 59015 82845=
201611171200 AAXX 17124 67665 42680 40205 10305 20192 48502 84200
                   333 59021 84839=
201611170600 AAXX 17064 67665 32980 60903 10211 20129 48527 86030
                   333 10//0 20//0 59006 86360=
201611170300 AAXX 17034 67665 42980 00000 10190 20112 48516
                   333 59005=
201611162100 AAXX 16214 67665 42980 01303 10215 20113
                   333 58022=
201611160900 AAXX 16094 67665 42480 70708 10243 20147 48536 70222 86530
                   333 58005 86515 83360=
201611160600 AAXX 16064 67665 32380 61007 10211 20146 48535 81630
                   333 10312 20//0 58003 81706 86360
                   555 00///=
201611160300 AAXX 16034 67665 42980 10192 20114 48521 85030
                   333 58000 85360 91019=
201611152100 AAXX 15214 67665 42980 31410 10210 20145 48530 83030
                   333 58013 83360 91020=
201611151800 AAXX 15184 67665 41780 30510 10238 20141 48520 71300 81901
                   333 10312 58001 81956 82080=
201611151500 AAXX 15154 67665 42780 31107 10296 20144 48500 70122 82101
                   333 59033 82850 82080=
201611151200 AAXX 15124 67665 42680 61410 10298 20149 48521 70222 84230
                   333 59024 84835 84360=
201611150900 AAXX 15094 67665 NIL=
201611150600 AAXX 15064 67665 NIL=
201611150000 AAXX 15004 67665 42980 01503 10182 20153 48512 70200
                   333 58016=
201611141800 AAXX 14184 67665 42980 00000 10195 20164 48512
                   333 58014=
201611140900 AAXX 14094 67665 NIL=
201611131800 AAXX 13184 67665 41680 70703 10267 20173 48509 71322 81963
                   333 58013 819// 81559 87080=
201611131500 AAXX 13154 67665 42680 60703 10314 20174 48489 81963
                   333 59010 81942 81845 81359 86080=
201611130600 AAXX 13064 67665 32980 23204 10255 20163 48518 70100 80001
                   333 10312 20//0 59009 82080=
201611130300 AAXX 13034 67665 42680 63307 10206 20149 48500 70300 86500
                   333 59002 86630=
201611122100 AAXX 12214 67665 42980 01402 10203 20146 48498 70100
                   333 59005=
201611121800 AAXX 12184 67665 42980 21603 10242 20152 48492 70112 82030
                   333 58010 82360=
201611121500 AAXX 12154 67665 42980 61006 10288 20138 48490 70222 8603/
                   333 58021 86360=
201611121200 AAXX 12124 67665 42680 60408 10300 20122 48498 70222 8123/
                   333 81835 86360=
201611120900 AAXX 12094 67665 42680 60913 10270 20133 48523 81103
                   333 58013 81825 86360=
201611120600 AAXX 12064 67665 12960 61105 10218 20146 48522 60124 86030
                   333 10369 20//0 58004 86360
                   555 00///=
201611120000 AAXX 12004 67665 41760 71909 10205 20156 48495 72962 8197/
                   333 58011 81956 87459=
201611110900 AAXX 11094 67665 42580 40506 10327 20114 48514 70322 81101
                   333 59014 81825 84080=
201611110300 AAXX 11034 67665 42980 00000 10244 20125 48507 70222
                   333 59007=
201611102100 AAXX 10214 67665 42980 01003 10270 20125 48457 70222 83030
                   333 59022=
201611101800 AAXX 10184 67665 42980 31006 10284 20122 48500 70222 83030
                   333 59015 83360=
201611101500 AAXX 10154 67665 42780 41311 10325 20095 48488 70222 81900
                   333 59019 81950 84850=
201611101200 AAXX 10124 67665 42980 50503 10350 20094 48505 70222 85200
                   333 59017 85840=
201611100900 AAXX 10094 67665 42580 10708 10322 20055 48528 81100
                   333 59022 81825 91018=
201611100600 AAXX 10064 67665 42980 00508 10258 20143 48534 70200
                   333 59025=
201611092100 AAXX 09214 67665 42980 01002 10239 20086 48524 70200
                   333 59014=
201611081800 AAXX 08184 67665 42980 11204 10273 20074 48531 81030
                   333 10340 58009 81360=
201611081500 AAXX 08154 67665 42/80 31009 10320 20115 48519 83030
                   333 58004 819// 83360=
201611081200 AAXX 08124 67665 42680 40713 10323 20060 48530 84200
                   333 58007 84838=
201611080600 AAXX 08064 67665 42980 10412 10264 20106 48560 81030
                   333 10//0 20//0 58013 81360=
201611080300 AAXX 08034 67665 42980 00905 10210 20060 48538
                   333 58007=
201611080000 AAXX 08004 67665 42980 00904 10205 20083 48527
                   333 59011=
201611071800 AAXX 07184 67665 42980 01307 10262 20034 48521
                   333 5////=
201611071500 AAXX 07154 67665 42680 21015 10333 20060 48518 82200
                   333 5//// 82845=
201611070900 AAXX 07094 67665 42580 10410 10314 20086 48547 81100
                   333 58003 81825 91020=
201611060900 AAXX 06094 67665 42680 20811 10325 20096 48548 82100
                   333 59009 82835=
201611060600 AAXX 06064 67665 01506 10278 20092 48554
                   333 59007=
201611060300 AAXX 06034 67665 42980 00000 10222 20074 48522 70200
                   333 59016=
201611060000 AAXX 06004 67665 42980 01503 10226 20075 48516 70200
                   333 59020=
201611050900 AAXX 05094 67665 42680 10611 10320 20160 48556 81230
                   333 59011 81830 81360=
201611050600 AAXX 05064 67665 32980 00712 10280 20157 48580
                   333 10//0 20//0 59012=
201611050000 AAXX 05004 67665 42980 01402 10210 20126 48529 70200
                   333 58000=
201611042100 AAXX 04214 67665 42980 01502 10230 20122 48542 70200
                   333 58013=
201611041500 AAXX 04154 67665 42160 60605 10320 20153 48526 85300
                   333 58006 81940 84845=
201611041200 AAXX 04124 67665 42/60 60605 10328 20153 48543 81901
                   333 58006 819// 86835=
201611040900 AAXX 04094 67665 42580 30410 10308 20110 48565 83200
                   333 58002 83825 91022=
201611040300 AAXX 04034 67665 42980 01404 10199 20070 48541
                   333 58008=
201611032100 AAXX 03214 67665 42980 01006 10216 20070 48538
                   333 58008=
201611031800 AAXX 03184 67665 42980 01504 10264 20091 48534
                   333 10254 58012=
201611031500 AAXX 03154 67665 42680 21705 10318 20113 48522 81130
                   333 58015 81848 81360=
201611031200 AAXX 03124 67665 41660 71205 10300 20244 48537 78022 81970
                   333 58021 819// 86835=
201611030600 AAXX 03064 67665 NIL=
201611011800 AAXX 01184 67665 42980 00904 10270 20077 48509
                   333 58002=
201611011500 AAXX 01154 67665 42680 11115 10340 20065 48499 81103
                   333 59003 81848 81080=
201611011200 AAXX 01124 67665 42680 30713 10345 20073 48518 83100
                   333 58013 83838=
201611010600 AAXX 01064 67665 32980 00106 10268 20100 48546
                   333 58008=

################################################################################
#  SYNOPS from 67666, Lusaka City Airport (Zambia) | 15-25-00S | 028-28-00E | 1280 m
################################################################################
201611301200 AAXX 30124 67666 NIL=
201611300600 AAXX 30064 67666 32980 60909 10242 20161 48537 81038
                   333 10288 20186 58002 81360 85280
                   555 00172 91020=
201611290600 AAXX 29064 67666 12980 70911 10211 20176 48533 60044 70222 8707/
                   333 10238 20176 58003 87459
                   555 00168 91020=
201611280600 AAXX 28064 67666 11356 80204 10176 20176 48527 60164 78166 8472/
                   333 10262 20178 58015 84706 88458
                   555 00178 91020=
201611250600 AAXX 25064 67666 12980 71403 10204 20192 48527 60024 8703/
                   333 10305 20188 59026 87359
                   555 00180 91020=
201611241500 AAXX 24154 67666 NIL=
201611240900 AAXX 24094 67666 NIL=
201611240600 AAXX 24064 67666 12980 71106 10217 20171 48548 60024 81038
                   333 10306 20184 58009 81360 87280 91022=
201611230600 AAXX 23064 67666 32980 71208 10251 20161 48533 82038
                   333 10306 20199 58001 82360 87280
                   555 00171 91021=
201611220600 AAXX 22064 67666 12980 81008 10224 20171 48539 60014 8803/
                   333 10269 20208 58006 88360
                   555 00192 91021=
201611210900 AAXX 21094 67666 42580 30907 10251 20174 48533 85830
                   333 58012 83618 82820 82359 91025=
201611210600 AAXX 21064 67666 12980 70000 10221 20175 48531 60154 83038
                   333 10316 20189 58002 83359 87280
                   555 00187 91022=
201611180600 AAXX 18064 67666 32980 00904 10276 20227 48525
                   333 10324 20184 58054
                   555 00174=
201611160600 AAXX 16064 67666 32980 70909 10211 20150 48521 85037
                   333 10300 20181 58000 85359 88280
                   555 00179 91019=
201611150900 AAXX 15094 67666 NIL=
201611150600 AAXX 15064 67666 12980 81215 10229 20144 48530 69904 85037
                   333 10232 20180 59027 85359 88280
                   555 00115 91020=
201611140900 AAXX 14094 67666 NIL=
201611140600 AAXX 14064 67666 11780 71404 10790 20173 48552 60094 72052 85077
                   333 10332 20180 58046 84358 87277
                   555 00181 91022=
201611110600 AAXX 11064 67666 12980 20907 10271 20137 48516 60024 80001
                   333 10345 20221 59007
                   555 00191 91017=
201611100600 AAXX 10064 67666 31975 00909 10281 20113 48517 70500
                   333 10340 20211 59025
                   555 00213 91018=
201611090600 AAXX 09064 67666 31975 00809 10259 20112 48550 70500
                   333 10322 20192 59003
                   555 00170 91021=
201611080600 AAXX 08064 67666 31970 00911 10260 20113 48551 70500
                   333 10372 20200 58008
                   555 00190 91022=
201611070600 AAXX 07064 67666 31970 00812 10257 20112 48543 70500
                   333 10346 20184 58000
                   555 00184 91021=
201611030600 AAXX 03064 67666 NIL=
201611020600 AAXX 02064 67666 32980 71010 10261 20129 48534 80008
                   333 10356 20190 59002
                   555 00180 91020=
201611010600 AAXX 01064 67666 32980 20907 10263 20113 48534 80001
                   333 10350 20181 58009 82080
                   555 00171 91020=

################################################################################
#  SYNOPS from 67667, Mount Makulu (Zambia) | 15-33S | 028-15E | 1213 m
################################################################################
201611301200 AAXX 30124 67667 NIL=
201611300600 AAXX 30064 67667 32680 60000 10254 20192 48/// 81102
                   333 10291 20193 58005 81830 86080
                   555 00170=
201611290600 AAXX 29064 67667 12980 70000 10216 20178 48/// 60034 80008
                   333 10248 20185 59002 87280
                   555 00165=
201611280600 AAXX 28064 67667 11480 80901 10190 20190 48/// 60074 76162 885//
                   333 10237 20188 58006 85715 88620
                   555 00180=
201611250600 AAXX 25064 67667 12980 80000 10234 20170 48/// 69904 80008
                   333 10318 20202 58020 88280
                   555 00180=
201611241500 AAXX 24154 67667 NIL=
201611240900 AAXX 24094 67667 NIL=
201611240600 AAXX 24064 67667 12480 70901 10244 20181 48/// 69904 81108
                   333 10323 20172 58006 81828 87280
                   555 00153=
201611230600 AAXX 23064 67667 32980 60901 10265 20170 48/// 80002
                   333 10305 20200 58002 86082
                   555 00166=
201611220600 AAXX 22064 67667 32980 80903 10230 20171 60074 80008
                   333 10286 20200 555 00183=
201611150900 AAXX 15094 67667 NIL=
201611150600 AAXX 15064 67667 11970 70000 10234 20171 48/// 60014 70522 80008
                   333 10235 20170 58023 87280
                   555 00148=
201611140900 AAXX 14094 67667 NIL=
201611140600 AAXX 14064 67667 11670 80000 10190 20175 48/// 69904 70522 81108
                   333 10340 20183 58041 81830 88280
                   555 00160=
201611110600 AAXX 11064 67667 11970 60901 10274 20166 48/// 60014 70522 80002
                   333 10354 20209 59003 86083
                   555 00180=
201611100600 AAXX 10064 67667 11970 20901 10286 20134 69904 70500 80001
                   333 10350 20230 82083
                   555 00180=
201611090600 AAXX 09064 67667 31970 10902 10274 20149 48/// 70500 80002
                   333 10345 20220 59006 81083
                   555 00175=
201611080600 AAXX 08064 67667 31970 00901 10260 20133 48/// 70500
                   333 10354 20216 58009
                   555 00170=
201611030600 AAXX 03064 67667 NIL=
201611020600 AAXX 02064 67667 11970 60000 10280 20161 48/// 69904 70522 80002
                   333 10376 20197 58002 86083
                   555 00130=

################################################################################
#  SYNOPS from 67673, Petauke (Zambia) | 14-15S | 031-17E | 1035 m
################################################################################
201612010600 AAXX 01064 67673 32984 33001 10240 20195 48550 81031
                   333 10320 20200 58006 81360 83080
                   555 00162=
201611301200 AAXX 30124 67673 NIL=
201611300600 AAXX 30064 67673 32584 30701 10250 20205 48540 82131
                   333 10320 20210 58004 82828 83360 82080
                   555 00180=
201611290600 AAXX 29064 67673 12680 20000 10250 20200 48542 60234 81130
                   333 10365 20190 59009 81830 81360
                   555 00170=
201611280900 AAXX 28094 67673 41575 70901 10202 20193 48540 76066 8417/
                   333 58006 84830 87459=
201611280600 AAXX 28064 67673 11570 83601 10200 20194 48542 60024 76366 885//
                   333 10270 20198 58010 88625
                   555 00180=
201611241500 AAXX 24154 67673 NIL=
201611240900 AAXX 24094 67673 NIL=
201611150900 AAXX 15094 67673 NIL=
201611150600 AAXX 15064 67673 NIL=
201611140900 AAXX 14094 67673 NIL=
201611070600 AAXX 07064 67673 11975 03603 10270 20163 48564 69904
                   333 10368 20212 58009
                   555 00182=
201611030600 AAXX 03064 67673 NIL=
201611020600 AAXX 02064 67673 12584 40801 10272 20162 48548 69904 82101
                   333 10360 20212 58006 82830 84080
                   555 00182=

################################################################################
#  SYNOPS from 67731, Senanga (Zambia) | 16-06S | 023-16E | 1027 m
################################################################################
201612010600 AAXX 01064 67731 12980 422// 10220 20182 48/// 60034 70222 84030
                   333 10256 20157 59015 84360=
201611301200 AAXX 30124 67731 NIL=
201611300600 AAXX 30064 67731 12480 809// 10215 20195 48/// 60414 70222 84528
                   333 10307 20202 58028 84610 85458 87280
                   555 00194=
201611241500 AAXX 24154 67731 NIL=
201611240900 AAXX 24094 67731 NIL=
201611230600 AAXX 23064 67731 12480 824// 10220 20178 48/// 60034 70322 83578
                   333 10332 20169 5//// 83615 84360 87280
                   555 00160=
201611220600 AAXX 22064 67731 12480 809// 10228 20184 48/// 69924 70222 84578
                   333 10330 20192 5//// 84618 85360 88280
                   555 00189=
201611210600 AAXX 21064 67731 32980 627// 10250 20180 48/// 70222 84032
                   333 10317 20199 5//// 84360 85080
                   555 00181=
201611150900 AAXX 15094 67731 NIL=
201611150600 AAXX 15064 67731 NIL=
201611140900 AAXX 14094 67731 NIL=
201611030600 AAXX 03064 67731 NIL=

################################################################################
#  SYNOPS from 67741, Sesheke (Zambia) | 17-28S | 024-18E | 949 m
################################################################################
201612010600 AAXX 01064 67741 12980 10000 10240 20183 48542 60024 81030
                   333 10318 20186 59005 81361
                   555 00178=
201611301200 AAXX 30124 67741 NIL=
201611241500 AAXX 24154 67741 NIL=
201611240900 AAXX 24094 67741 NIL=
201611170600 AAXX 17064 67741 32980 13601 10277 20168 48521 81040
                   333 10370 20229 59007 81362
                   555 00///=
201611160600 AAXX 16064 67741 32980 00902 10256 20172 48527
                   333 10349 20202 59016=
201611150900 AAXX 15094 67741 NIL=
201611150600 AAXX 15064 67741 32980 20901 10250 20172 48544 82030
                   333 10324 20182 58004 82362
                   555 00178=
201611140900 AAXX 14094 67741 NIL=
201611140600 AAXX 14064 67741 12680 60301 10233 20167 48533 60074 86500
                   333 10382 20203 58039 86640=
201611110600 AAXX 11064 67741 32980 51301 10263 20163 48517 85030
                   333 10326 20214 59017 85362
                   555 00199=
201611090600 AAXX 09064 67741 32980 50901 10299 20127 48545 85030
                   333 10376 20189 59009 85362
                   555 00244=
201611030600 AAXX 03064 67741 32980 23601 10280 20150 48541 82030
                   333 10377 20197 59004 82362
                   555 00194=
201611020600 AAXX 02064 67741 12980 20801 10265 20144 48546 69904 82030
                   333 10404 20202 58019 82362
                   555 00///=

################################################################################
#  SYNOPS from 67743, Livingstone (Zambia) | 17-49S | 025-49E | 985 m
################################################################################
201611301200 AAXX 30124 67743 NIL=
201611280600 AAXX 28064 67743 32480 50911 10223 20169 48530 85530
                   333 10300 20204 58000 85620 81359 91019=
201611250600 AAXX 25064 67743 12580 73507 10215 20168 48529 60024 8257/
                   333 10325 20200 59004 82630 87359
                   555 00/// 91019=
201611241500 AAXX 24154 67743 NIL=
201611240900 AAXX 24094 67743 NIL=
201611240600 AAXX 24064 67743 12980 50605 10231 20165 48538 85031
                   333 10302 20194 58001 85358 83080
                   555 00/// 91020=
201611220600 AAXX 22064 67743 12980 21005 10258 20176 48543 69904 82031
                   333 10325 20205 58011 82360 81080
                   555 00/// 91020=
201611210600 AAXX 21064 67743 31680 41008 10234 20166 48529 71722 819//
                   333 10283 20194 58009 81940 82850 83360
                   555 00/// 91019=
201611180600 AAXX 18064 67743 32980 13511 10284 20141 48518 80001
                   333 10374 20224 59003 81080 91017=
201611170600 AAXX 17064 67743 32980 10407 10267 20149 48525 70200 80001
                   333 10350 20204 59012 81080
                   555 00/// 91017=
201611150900 AAXX 15094 67743 NIL=
201611150600 AAXX 15064 67743 12880 71112 10232 20134 48529 60094 87031
                   333 10338 20210 58008 87358 82080
                   555 00/// 91020=
201611140900 AAXX 14094 67743 NIL=
201611110600 AAXX 11064 67743 31680 72103 10253 20149 48520 60054 70222 81131
                   333 10364 20224 59015 81838 86359 81080
                   555 00/// 91017=
201611100600 AAXX 10064 67743 32880 71606 10259 20144 48534 8707/
                   333 10378 20245 59012 87358
                   555 00/// 91019=
201611090600 AAXX 09064 67743 12880 70905 10305 20107 48551 69904 70200 87030
                   333 10368 20262 58001 87360
                   555 00/// 91020=
201611030600 AAXX 03064 67743 NIL=

################################################################################
#  SYNOPS from 67751, Magoye (Zambia) | 16-00S | 027-36E | 1018 m
################################################################################
201611301200 AAXX 30124 67751 NIL=
201611300600 AAXX 30064 67751 12980 60102 10262 20191 69904 80006
                   333 10320 20204 86080
                   555 00198=
201611250600 AAXX 25064 67751 32980 51203 10256 20188 48/// 85070
                   333 10334 20220 5//// 85460
                   555 00219=
201611241500 AAXX 24154 67751 NIL=
201611240900 AAXX 24094 67751 NIL=
201611240600 AAXX 24064 67751 32480 51502 10251 20185 48/// 85100
                   333 10330 20194 85825
                   555 00190=
201611230600 AAXX 23064 67751 12980 41304 10252 20186 48/// 69904 70222 84050
                   333 10318 20204 5//// 84360
                   555 00200=
201611220600 AAXX 22064 67751 12980 70903 10245 20185 48/// 60244 8703/
                   333 10292 20210 5//// 87360
                   555 00200=
201611180600 AAXX 18064 67751 32980 53609 10243 20159 85360
                   333 10345 20179 5//// 85360
                   555 00154=
201611160600 AAXX 16064 67751 32980 40809 10232 20161 83031
                   333 10318 20194 5//// 83360 81080
                   555 00190=
201611150900 AAXX 15094 67751 NIL=
201611150600 AAXX 15064 67751 NIL=
201611140900 AAXX 14094 67751 NIL=
201611140600 AAXX 14064 67751 11980 80305 10220 20170 48/// 69904 75655 8801/
                   333 10360 20131 5////
                   555 00///=
201611040600 AAXX 04064 67751 12980 70903 10260 20161 60024 87030
                   333 10334 20186 87360
                   555 00170=
201611030600 AAXX 03064 67751 NIL=

################################################################################
#  SYNOPS from 67753, Choma (Zambia) | 16-50S | 027-04E | 1213 m
################################################################################
201611301200 AAXX 30124 67753 NIL=
201611250600 AAXX 25064 67753 11359 70103 10185 20179 48519 60044 76096 8557/
                   333 10310 20180 59016 85615 87459
                   555 00///=
201611241500 AAXX 24154 67753 NIL=
201611240900 AAXX 24094 67753 NIL=
201611240600 AAXX 24064 67753 32960 50000 10235 20177 48542 85030
                   333 10300 20182 59002 85360
                   555 00///=
201611230600 AAXX 23064 67753 32960 70000 10239 20179 48542 8705/
                   333 10300 20188 58002 87360
                   555 00///=
201611220600 AAXX 22064 67753 32980 70406 10223 20178 48541 8705/
                   333 10272 20194 58008 87360
                   555 00///=
201611180600 AAXX 18064 67753 31960 13606 10260 20159 48544 70500 81030
                   333 10335 20206 58002 81360
                   555 00///=
201611170600 AAXX 17064 67753 32980 00903 10297 20156 48523 80001
                   333 10309 20172 59015 81080=
201611150900 AAXX 15094 67753 NIL=
201611150600 AAXX 15064 67753 32560 70716 10216 20132 48531 8123/
                   333 10290 20182 58001 81820 86360=
201611140900 AAXX 14094 67753 NIL=
201611140600 AAXX 14064 67753 12960 80806 10212 20153 48530 60044 85052
                   333 10342 20200 58028 85360 83080=
201611110600 AAXX 11064 67753 11560 70904 10230 20168 48523 69954 70500 82532
                   333 10342 20200 59001 82625 83360 82080=
201611100600 AAXX 10064 67753 31960 40906 10279 20125 48526 70500 84030
                   333 10349 20199 59015 84360=
201611090600 AAXX 09064 67753 31960 30320 10275 20108 48546 70500 81130
                   333 10350 20220 59004 81830 82360=
201611080600 AAXX 08064 67753 31960 10216 10272 20104 48545 70500 80001
                   333 10345 20212 59009 81080
                   555 00///=
201611070600 AAXX 07064 67753 31960 13627 10275 20104 48536 70500 80001
                   333 10360 20192 5//// 81080
                   555 00160=
201611030600 AAXX 03064 67753 NIL=
201611020600 AAXX 02064 67753 11960 10608 10276 20139 48536 69904 70500 81031
                   333 10371 20230 58001 81360 81080
                   555 00194=
201611010600 AAXX 01064 67753 31960 13510 10291 20127 48537 70500 80001
                   333 10367 20202 58014 81080
                   555 00164=

################################################################################
#  SYNOPS from 67855, Lupaki (Zambia) | 17-03-00S | 024-46-00E | 1000 m
################################################################################
201612010600 AAXX 01064 67855 32975 32701 10280 20178 3//// 48/// 80002
                   333 20199 5//// 83080=
201611301800 AAXX 30184 67855 NIL=
201611301200 AAXX 30124 67855 42875 51803 10366 20114 3//// 48/// 85102
                   333 5//// 85857 83080=
201611300600 AAXX 30064 67855 32975 10304 10284 20170 3//// 48/// 80001
                   333 20188 5//// 81080=
201611291800 AAXX 29184 67855 NIL=
201611291200 AAXX 29124 67855 42675 40105 10342 20150 3//// 48/// 84200
                   333 5//// 84856=
201611290600 AAXX 29064 67855 32975 10000 10250 20176 3//// 48/// 81030
                   333 20179 5////=
201611281800 AAXX 28184 67855 NIL=
201611281200 AAXX 28124 67855 42675 50703 10304 20158 3//// 48/// 85200
                   333 5//// 85840=
201611280600 AAXX 28064 67855 32575 60506 10224 20164 3//// 48/// 83530
                   333 20162 5//// 83620 86360=
201611271800 AAXX 27184 67855 NIL=
201611271200 AAXX 27124 67855 NIL=
201611270600 AAXX 27064 67855 12575 60807 10226 20158 3//// 48/// 69904 86530
                   333 20160 5//// 86620=
201611261800 AAXX 26184 67855 NIL=
201611261200 AAXX 26124 67855 41675 70302 10240 20168 3//// 48/// 70162 8523/
                   333 5//// 85830 87360=
201611260600 AAXX 26064 67855 11570 80502 10182 20173 3//// 48/// 60114 76062 8357/
                   333 20173 5//// 83620 88458=
201611251800 AAXX 25184 67855 NIL=
201611251200 AAXX 25124 67855 NIL=
201611250600 AAXX 25064 67855 11970 81801 10184 20154 3//// 48/// 60144 76062 8807/
                   333 20184 5//// 88458=
201611241800 AAXX 24184 67855 NIL=
201611241200 AAXX 24124 67855 42775 53401 10338 3//// 48/// 85231
                   333 5//// 85856=
201611240600 AAXX 24064 67855 12975 30507 10264 20120 3//// 48/// 69904 81031
                   333 20163 5//// 81360 83080=
201611231800 AAXX 23184 67855 NIL=
201611231200 AAXX 23124 67855 42775 51003 10346 20133 3//// 48/// 85232
                   333 5//// 85856=
201611230600 AAXX 23064 67855 12975 40207 10276 20143 3//// 48/// 69904 84070
                   333 20193 5//// 84360=
201611221800 AAXX 22184 67855 NIL=
201611221200 AAXX 22124 67855 NIL=
201611220600 AAXX 22064 67855 12975 70203 10250 20162 3//// 48/// 69904 8707/
                   333 20167 5//// 87360=
201611211800 AAXX 21184 67855 NIL=
201611211200 AAXX 21124 67855 41670 50501 10302 20165 3//// 48/// 79598 85273
                   333 5//// 81930 85840=
201611210600 AAXX 21064 67855 12975 60608 10246 20157 3//// 48/// 69904 86071
                   333 20163 5//// 86360 83080=
201611201800 AAXX 20184 67855 NIL=
201611201200 AAXX 20124 67855 NIL=
201611200600 AAXX 20064 67855 12975 70603 10222 20165 3//// 48/// 69904 8707/
                   333 20190 5//// 87360=
201611191800 AAXX 19184 67855 NIL=
201611191200 AAXX 19124 67855 41670 72007 10270 20128 3//// 48/// 71798 84273
                   333 5//// 81935 83840 87360=
201611190600 AAXX 19064 67855 11970 70708 10246 20163 3//// 48/// 69904 76062 8707/
                   333 20228 5//// 87458=
201611181800 AAXX 18184 67855 NIL=
201611181200 AAXX 18124 67855 42875 51102 10376 20104 3//// 48/// 85201
                   333 5//// 85857 83080=
201611180600 AAXX 18064 67855 12975 03605 10298 20133 3//// 48/// 69904
                   333 20194 5////=
201611171800 AAXX 17184 67855 NIL=
201611171200 AAXX 17124 67855 42775 52002 10336 20113 3//// 48/// 85201
                   333 5//// 85856=
201611170600 AAXX 17064 67855 32975 70107 10256 20158 3//// 48/// 80002
                   333 20205 5//// 87080=
201611161800 AAXX 16184 67855 NIL=
201611161200 AAXX 16124 67855 42775 50103 10326 20150 3//// 48/// 85200
                   333 5//// 85850=
201611160600 AAXX 16064 67855 12975 20806 10236 20158 3//// 48/// 69904 82031
                   333 20150 5//// 82360=
201611151800 AAXX 15184 67855 NIL=
201611151200 AAXX 15124 67855 41975 60605 10260 20161 3//// 48/// 70162 86070
                   333 5//// 86360=
201611150600 AAXX 15064 67855 32975 70801 10236 20148 3//// 48/// 8707/
                   333 20202 5//// 87360=
201611141800 AAXX 14184 67855 NIL=
201611141200 AAXX 14124 67855 42775 50604 10338 20122 3//// 48/// 83201
                   333 5//// 83850 85080=
201611140600 AAXX 14064 67855 12975 70406 10234 20135 3//// 48/// 60034 80002
                   333 20192 5//// 87080=
201611131800 AAXX 13184 67855 NIL=
201611131200 AAXX 13124 67855 NIL=
201611130600 AAXX 13064 67855 12975 20401 10258 20154 3//// 48/// 60034 82030
                   333 20189 5//// 82360=
201611121800 AAXX 12184 67855 NIL=
201611121200 AAXX 12124 67855 42775 63103 10338 20139 3//// 48/// 81271
                   333 5//// 81850 86360=
201611111800 AAXX 11184 67855 NIL=
201611111200 AAXX 11124 67855 NIL=
201611110600 AAXX 11064 67855 11670 70301 10240 20164 3//// 48/// 60014 79596 84273
                   333 20210 5//// 81930 83835 87458=
201611101800 AAXX 10184 67855 NIL=
201611101200 AAXX 10124 67855 41670 71802 10302 20154 3//// 48/// 76062 8127/
                   333 5//// 81840 87458=
201611100600 AAXX 10064 67855 12970 71101 10218 20163 3//// 48/// 69904 76162 8707/
                   333 20218 5//// 87458=
201611091800 AAXX 09184 67855 NIL=
201611091200 AAXX 09124 67855 42775 60304 10360 20115 3//// 48/// 83230
                   333 5//// 83856 86360=
201611090600 AAXX 09064 67855 32975 30000 10282 20122 3//// 48/// 83030
                   333 20239 5//// 83360=
201611081800 AAXX 08184 67855 NIL=
201611081200 AAXX 08124 67855 41770 70000 10348 20115 3//// 48/// 70511 8427/
                   333 5//// 84850 87360=
201611080600 AAXX 08064 67855 31970 30603 10274 20103 3//// 48/// 70500 83030
                   333 20219 5//// 83360=
201611071800 AAXX 07184 67855 NIL=
201611071200 AAXX 07124 67855 41770 73603 10354 20111 3//// 48/// 70511 8427/
                   333 5//// 84856 87360=
201611070600 AAXX 07064 67855 31970 30703 10296 20103 3//// 48/// 70500 81032=
201611061200 AAXX 06124 67855 NIL=
201611060600 AAXX 06064 67855 NIL=
201611051800 AAXX 05184 67855 NIL=
201611051200 AAXX 05124 67855 41870 50603 10378 20121 3//// 48/// 70511 85200
                   333 5//// 85857=
201611050600 AAXX 05064 67855 31970 03601 10300 20139 3//// 48/// 70500
                   333 20210 5////=
201611041800 AAXX 04184 67855 NIL=
201611041200 AAXX 04124 67855 41670 53307 10352 20123 3//// 48/// 71791 85233
                   333 5//// 81940 84845=
201611040600 AAXX 04064 67855 NIL=
201611031200 AAXX 03124 67855 41675 51803 10362 20128 3//// 48/// 71791 85203
                   333 5//// 81940 84845=
201611030600 AAXX 03064 67855 12975 30903 10260 20160 3//// 48/// 60024 81032
                   333 20176 5//// 81360 83080=
201611021800 AAXX 02184 67855 NIL=
201611021200 AAXX 02124 67855 41770 40102 10360 20133 3//// 48/// 70500 84202
                   333 5//// 84856=
201611020600 AAXX 02064 67855 12975 41402 10266 20138 3//// 48/// 69904 84072
                   333 20199 5//// 84360=
201611011800 AAXX 01184 67855 NIL=
201611011200 AAXX 01124 67855 41870 50402 10356 20098 3//// 48/// 70511 85200
                   333 5//// 85857=
201611010600 AAXX 01064 67855 67855 11970 10312 20098 3//// 48/// 69904 70500
                   333 20206 5////=
