################################################################################
# Query made at 04/15/2022 01:41:44 UTC
# Country like Zamb*
# Time interval: from 05/01/2011 05:30  to 05/31/2011 06:30  UTC
################################################################################

################################################################################
#  SYNOPS from 67403, Kawambwa (Zambia) | 09-48S | 029-05E | 1323 m
################################################################################
201105260600 AAXX 26064 67403 32980 10901 10222 20183 48552 81030
                   333 10300 20137 58003 81362=
201105050600 AAXX 05064 67403 32980 01403 10189 20139 48559
                   333 10289 20102 58019=
201105040600 AAXX 04064 67403 32980 10902 10186 20140 48530 80001
                   333 10275 20186 59021 81080=

################################################################################
#  SYNOPS from 67413, Mbala (Zambia) | 08-51S | 031-20E | 1673 m
################################################################################
201105230600 AAXX 23064 67413 32480 71115 10160 20144 48551 84532
                   333 10240 20135 58010 84618 82359 83080=
201105180900 AAXX 18094 67413 42680 62002 10245 20160 48532 82108
                   333 59002 82830 86280=
201105180600 AAXX 18064 67413 32980 71009 10200 20156 48540 80007
                   333 10270 20135 58003 87280=
201105160600 AAXX 16064 67413 32980 61112 10180 20157 48528 82036
                   333 10275 20135 58003 86280=
201105090600 AAXX 09064 67413 32580 61513 10185 20153 48531 84608
                   333 10269 20144 59013 84620 85280=

################################################################################
#  SYNOPS from 67441, Mwinilunga (Zambia) | 11-45S | 024-26E | 1361 m
################################################################################
201105310600 AAXX 31064 67441 11965 70000 10175 20165 48570 69904 70522 8703/
                   333 10303 20/// 58002 87360=
201105300600 AAXX 30064 67441 NIL=
201105270600 AAXX 27064 67441 32980 10000 10150 20124 48575 81030
                   333 10295 20/// 58012 81360=
201105260600 AAXX 26064 67441 NIL=
201105230600 AAXX 23064 67441 32980 10000 10145 20136 48565 81030
                   333 10274 20/// 58005 81360=
201105200600 AAXX 20064 67441 12980 10000 10160 20152 48560 60024 81080
                   333 10302 20/// 58007 81360=
201105180900 AAXX 18094 67441 42682 50000 10265 20174 48554 81131
                   333 59003 81830 81362 81080=
201105180600 AAXX 18064 67441 32980 40000 10136 20126 48548 84031
                   333 10300 20111 59005 84360 81080=
201105160600 AAXX 16064 67441 32980 70000 10140 20113 48546 80008
                   333 10278 20/// 58008 87280=
201105130900 AAXX 13094 67441 42982 00000 10245 20131 48563
                   333 58004=
201105120900 AAXX 12094 67441 42982 10603 10250 20116 48559 80001
                   333 59006 81080=
201105120600 AAXX 12064 67441 32980 10000 10140 20120 48556 80001
                   333 10282 20/// 59004 81080=
201105110600 AAXX 11064 67441 32980 10000 10140 20122 48560 80001
                   333 10280 20/// 58006 81080=
201105101200 AAXX 10124 67441 42982 10000 10275 20139 48530 80001
                   333 58011 81080=
201105100600 AAXX 10064 67441 32980 60000 10150 20105 48554 80005
                   333 10270 20/// 58008 86280=
201105090900 AAXX 09094 67441 42982 00603 10250 20106 48551
                   333 5////=
201105090600 AAXX 09064 67441 32980 00000 10150 20115 48546
                   333 10280 20/// 59009=
201105061200 AAXX 06124 67441 42682 10000 10271 20121 48553 81100
                   333 58007 81835=
201105050600 AAXX 05064 67441 32980 00000 10142 20126 48573
                   333 10270 20/// 58001=
201105041200 AAXX 04124 67441 42682 10603 10260 20130 48549 81100
                   333 59002 81835=
201105040900 AAXX 04094 67441 42682 10903 10235 20129 48575 81100
                   333 59007 81830=
201105040600 AAXX 04064 67441 32980 00000 10173 20140 48572
                   333 10268 20/// 59005=
201105030900 AAXX 03094 67441 42682 11507 10178 20120 48576 81100
                   333 5//// 81830=
201105030600 AAXX 03064 67441 32980 00000 10159 20130 48577
                   333 10280 20/// 59002=

################################################################################
#  SYNOPS from 67461, Mansa (Zambia) | 11-06S | 028-51E | 1382 m
################################################################################
201105310600 AAXX 31064 67461 32980 40902 10206 20170 48540 80001
                   333 10313 20125 58014 84080=
201105300900 AAXX 30094 67461 42980 20802 10273 20161 48544 80001
                   333 58016 82080=
201105300600 AAXX 30064 67461 32980 20902 10210 20179 48526 82030
                   333 10292 20190 59009 82362=
201105270600 AAXX 27064 67461 32980 11205 10200 20169 48536 81030
                   333 10305 20130 58006 81362=
201105260600 AAXX 26064 67461 32980 21201 10214 20174 48530 82030
                   333 10285 20130 59009 82362=
201105230600 AAXX 23064 67461 NIL=
201105200600 AAXX 20064 67461 12580 70903 10170 20163 48531 60064 70222 8357/
                   333 10293 20139 58010 82625 87462=
201105180600 AAXX 18064 67461 32980 50903 10202 20152 48522 70222 83035
                   333 10298 20138 58001 83362 82080=
201105160600 AAXX 16064 67461 32980 20903 10180 20143 48513 80001
                   333 10289 20110 58000 82080=
201105121200 AAXX 12124 67461 42780 41102 10269 20113 48520 84101
                   333 59003 84855 82080=
201105120900 AAXX 12094 67461 42580 21206 10248 20133 48537 81101
                   333 59008 81825 82080=
201105110600 AAXX 11064 67461 32980 31603 10165 20140 48536 80001
                   333 10269 20105 58010 83080=
201105100600 AAXX 10064 67461 32980 61207 10170 20120 48524 80008
                   333 10280 20099 58002 86280=
201105091200 AAXX 09124 67461 42680 50910 10266 20137 48511 83101
                   333 58004 83845 82080=
201105090600 AAXX 09064 67461 32980 10905 10174 20125 48522 80001
                   333 10284 20105 59008 81080=
201105050600 AAXX 05064 67461 32580 10813 10170 20135 48542 81500
                   333 10265 20094 58002 81620=
201105040600 AAXX 04064 67461 32980 20903 10170 20136 48540 80001
                   333 10247 20085 59003 82080=
201105030900 AAXX 03094 67461 42580 41506 10210 20136 48545 84501
                   333 59002 84624 81080=
201105030600 AAXX 03064 67461 32580 30906 10160 20146 48542 82501
                   333 10263 20100 58002 82620 81080=
201105020600 AAXX 02064 67461 32580 10912 10189 20135 48555 81500
                   333 10279 20115 58021=

################################################################################
#  SYNOPS from 67475, Kasama (Zambia) | 10-13S | 031-08E | 1382 m
################################################################################
201105310600 AAXX 31064 67475 31970 01206 10230 20143 48556 70500
                   333 10295 20130 59011=
201105300600 AAXX 30064 67475 31970 01212 10218 20154 48545 70500
                   333 10290 20183 58010=
201105260600 AAXX 26064 67475 31970 21208 10197 20164 48543 70500 80002
                   333 10287 20142 58000 82080=
201105230600 AAXX 23064 67475 31470 80913 10172 20143 48547 8317/
                   333 10254 20146 58009 83819 88460=
201105200600 AAXX 20064 67475 31975 71804 10175 20157 48542 70522 8703/
                   333 10282 20157 58011 87360=
201105050600 AAXX 05064 67475 32980 01215 10180 20114 48551
                   333 10260 20105 58003=
201105040600 AAXX 04064 67475 32580 20908 10180 20125 48535 82500
                   333 10247 20116 59008 84625=
201105030600 AAXX 03064 67475 32580 31214 10172 20134 48556 83500
                   333 10242 20120 59004 83630=

################################################################################
#  SYNOPS from 67476, Misamfu (Zambia) | 10-06S | 031-15E | 1536 m
################################################################################
201105310600 AAXX 31064 67476 32980 00904 10210 20153 48///
                   333 10305 20141 58004=
201105300600 AAXX 30064 67476 32980 00903 10215 20170 48///
                   333 10290 20121 5////=
201105270600 AAXX 27064 67476 32980 00903 10202 20160 48///
                   333 10298 20115 58001=
201105180600 AAXX 18064 67476 32580 41004 10205 20171 48/// 81501
                   333 10285 20135 58003 84620 83080=
201105100600 AAXX 10064 67476 32980 21006 10190 20122 48/// 80001
                   333 10259 20123 59002 82079=
201105090600 AAXX 09064 67476 32980 01002 10198 20145 48///
                   333 10295 20168 59015=
201105040600 AAXX 04064 67476 32980 00903 10173 20133 48///
                   333 10243 20088 59008=
201105030900 AAXX 03094 67476 42580 50908 10214 20137 48/// 85500
                   333 5//// 85620=

################################################################################
#  SYNOPS from 67477, Mpika (Zambia) | 11-54S | 031-26E | 1400 m
################################################################################
201105310600 AAXX 31064 67477 32980 01005 10207 20138 48543
                   333 10279 20131 58006=
201105300900 AAXX 30094 67477 42680 10805 10260 20138 48540 81100
                   333 5//// 81859=
201105300600 AAXX 30064 67477 32980 01206 10200 20152 48537
                   333 10280 20135 58000=
201105270600 AAXX 27064 67477 42680 11013 10254 20146 48544 81100
                   333 59003 81841=
201105260600 AAXX 26064 67477 32980 01002 10220 20168 48541
                   333 10265 20124 58000=
201105230600 AAXX 23064 67477 32480 70908 10169 20142 48547 875//
                   333 10236 20133 5//// 87610=
201105200600 AAXX 20064 67477 32980 71104 10194 20151 48539 8703/
                   333 10270 20147 58010 87361=
201105161200 AAXX 16124 67477 42680 31105 10250 20132 48502 82101
                   333 5//// 82850 81080=
201105160600 AAXX 16064 67477 32980 30804 10191 20140 48517 80001
                   333 10267 20120 58002 83080=
201105130600 AAXX 13064 67477 32980 11206 10185 20126 48537 80001
                   333 10244 20112 59003 81080=
201105120600 AAXX 12064 67477 32480 11005 10175 20126 48539 81101
                   333 10245 20112 59002 81818 81080=
201105101200 AAXX 10124 67477 42680 21105 10231 20121 48514 81101
                   333 58007 81843 81080=
201105090600 AAXX 09064 67477 32580 11208 10186 20118 48530 81100
                   333 10255 20125 59018 81825=
201105061200 AAXX 06124 67477 42780 10302 10251 20114 48528 81100
                   333 59004 81850=
201105050600 AAXX 05064 67477 32580 11006 10174 20095 48555 81100
                   333 10229 20100 58006 81820=
201105041200 AAXX 04124 67477 42680 31205 10222 20119 48532 83100
                   333 58007 83840=
201105040600 AAXX 04064 67477 32580 11205 10160 20122 48549 81100
                   333 10228 20095 59011 81820=
201105030600 AAXX 03064 67477 32480 81208 10159 20126 48559 885//
                   333 10209 20109 58001 88610=

################################################################################
#  SYNOPS from 67481, Isoka (Zambia) | 10-07S | 032-38E | 1360 m
################################################################################
201105260600 AAXX 26064 67481 32980 21202 10190 20160 48/// 80001
                   333 10283 20170 5//// 82080=

################################################################################
#  SYNOPS from 67531, Zambezi (Zambia) | 13-32S | 023-07E | 1077 m
################################################################################
201105310600 AAXX 31064 67531 32980 10901 10190 20142 48/// 80001
                   333 10314 20095 59002 81082=
201105300900 AAXX 30094 67531 42980 10903 10275 20119 48/// 80001
                   333 5//// 81082=
201105300600 AAXX 30064 67531 32980 11101 10181 20111 48/// 80001
                   333 10296 20070 58009 81082=
201105270600 AAXX 27064 67531 42980 11407 10224 20075 48/// 80001
                   333 5//// 81082=
201105260600 AAXX 26064 67531 31980 01704 10169 20113 48///
                   333 10308 20102 5////=
201105240900 AAXX 24094 67531 42980 00906 10264 20157 48///
                   333 59003=
201105230900 AAXX 23094 67531 42980 01208 10249 20147 48///
                   333 5////=
201105230600 AAXX 23064 67531 32980 01006 10184 20142 48///
                   333 10289 20113 5////=
201105200900 AAXX 20094 67531 42980 10909 10258 20151 48/// 81030
                   333 58001 81362=
201105200600 AAXX 20064 67531 32980 12803 10168 20136 48/// 81030
                   333 10272 20111 58023 81362=
201105180900 AAXX 18094 67531 42980 10905 10286 20153 48/// 8///1
                   333 59004 81080=
201105180600 AAXX 18064 67531 32980 11003 10197 20145 48/// 80001
                   333 10310 20095 59004 81082=
201105160600 AAXX 16064 67531 32980 21107 10189 20122 48/// 80002
                   333 10294 20076 5//// 82082=
201105120900 AAXX 12094 67531 42980 11003 10249 20130 48/// 80001
                   333 59002 81082=
201105111200 AAXX 11124 67531 42780 11502 10272 20121 48/// 81101
                   333 58007 81856 81082=
201105110600 AAXX 11064 67531 32980 10909 10170 20120 48/// 80001
                   333 10285 20106 58009 81080=
201105101200 AAXX 10124 67531 42980 10907 10279 20123 48/// 80001
                   333 58008 81082=
201105100900 AAXX 10094 67531 42980 10907 10250 20119 48/// 80001
                   333 58004 81082=
201105100600 AAXX 10064 67531 32980 11006 10165 20112 48/// 80001
                   333 10287 20097 58004 81080=
201105091200 AAXX 09124 67531 42980 10904 10281 20103 48/// 80001
                   333 5//// 81082=
201105090900 AAXX 09094 67531 42980 01209 10254 20151 48///
                   333 5////=
201105090600 AAXX 09064 67531 32980 01104 10155 20106 48///
                   333 10291 20091 59004=
201105061200 AAXX 06124 67531 42780 10903 10280 20149 48/// 81100
                   333 59001 81850=
201105050900 AAXX 05094 67531 42980 00907 10250 20144 48///
                   333 59003=
201105050600 AAXX 05064 67531 32980 01108 10176 20129 48///
                   333 10282 20122 58003=
201105041200 AAXX 04124 67531 42780 11507 10270 20135 48/// 81100
                   333 59011 81850=
201105040900 AAXX 04094 67531 41560 30904 10220 20114 48553 70500 83200
                   333 59010 83825=
201105040600 AAXX 04064 67531 32980 01205 10170 20135 48///=
201105030900 AAXX 03094 67531 42980 00909 10245 20133 48///
                   333 5////=
201105030600 AAXX 03064 67531 32980 01006 10180 20130 48///
                   333 10290 20115 58007=
201105020600 AAXX 02064 67531 32980 11207 10201 20151 48/// 80001
                   333 10305 20165 58020 81082=

################################################################################
#  SYNOPS from 67541, Kasempa (Zambia) | 13-32S | 025-51E | 1234 m
################################################################################
201105310600 AAXX 31064 67541 NIL=
201105300600 AAXX 30064 67541 NIL=
201105270600 AAXX 27064 67541 NIL=
201105260600 AAXX 26064 67541 NIL=
201105230600 AAXX 23064 67541 NIL=
201105200600 AAXX 20064 67541 NIL=
201105130900 AAXX 13094 67541 42980 00908 10255 20113 48///
                   333 58004=
201105040600 AAXX 04064 67541 NIL=
201105030600 AAXX 03064 67541 NIL=

################################################################################
#  SYNOPS from 67551, Solwezi (Zambia) | 12-11S | 026-23E | 1386 m
################################################################################
201105260600 AAXX 26064 67551 31970 00303 10182 20147 48531 70500
                   333 10294 20122 59008=
201105060600 AAXX 06064 67551 32975 00805 10150 20116 48537
                   333 10269 20091 59007=
201105040600 AAXX 04064 67551 32980 41308 10178 20118 48542 80006
                   333 10265 20123 58003 84280=

################################################################################
#  SYNOPS from 67561, Ndola (Zambia) | 13-00S | 028-39E | 1269 m
################################################################################
201105310600 AAXX 31064 67561 31958 70000 10180 20161 48539 70400 87030
                   333 10298 20130 58002 87360=
201105300600 AAXX 30064 67561 31960 00000 10185 20143 48546 70500
                   333 10294 20134 58006=
201105270600 AAXX 27064 67561 31975 09902 10187 20143 48558 70500
                   333 10310 20136 58010=
201105260900 AAXX 26094 67561 41460 20000 10275 20164 48544 70500 82100
                   333 58003 82810=
201105260600 AAXX 26064 67561 31960 00000 10170 20146 48536 72800
                   333 10297 20165 58002=
201105230900 AAXX 23094 67561 41560 30710 10232 20183 48554 70500 83100
                   333 58002 83828=
201105230600 AAXX 23064 67561 32982 00304 10161 20135 48540
                   333 10275 20109 58010=
201105200600 AAXX 20064 67561 11960 70000 10192 20167 48538 69904 70522 83038
                   333 10280 20154 58013 83360 85280=
201105160600 AAXX 16064 67561 31959 30000 10168 20130 48521 70400 80002
                   333 10284 20104 59004 83080=
201105130600 AAXX 13064 67561 31957 20000 10158 20121 48532 70400 80001
                   333 10282 20101 59001 82080=
201105120600 AAXX 12064 67561 31970 30000 10145 20115 48532 70500 80002
                   333 10283 20100 59006 83080=
201105101200 AAXX 10124 67561 41670 10305 10266 20116 48513 70500 81100
                   333 58000 81850=
201105100600 AAXX 10064 67561 31960 00000 10175 20114 48531 70500
                   333 10278 20095 59004=
201105091200 AAXX 09124 67561 41670 30000 10266 20106 48512 70500 83100
                   333 59001 83845=
201105090600 AAXX 09064 67561 31970 10809 10178 20148 48538 70500 80001
                   333 10280 20094 59010 81080=
201105061200 AAXX 06124 67561 41660 30000 10260 20169 48533 70500 83100
                   333 59005 83850=
201105050900 AAXX 05094 67561 41570 11205 10230 20121 48539 70500 81100
                   333 59000 81830=
201105050600 AAXX 05064 67561 31975 00000 10167 20113 48550 70500
                   333 10270 20100 59001=
201105040900 AAXX 04094 67561 41560 30904 10220 20114 48553 70500 83200
                   333 59010 83825=
201105040600 AAXX 04064 67561 31960 20000 10164 20123 48535 70511 82030
                   333 10246 20102 59008 82360=
201105030600 AAXX 03064 67561 32580 10908 10170 20136 48558 81100
                   333 10256 20/// 59004 81820=
201105020600 AAXX 02064 67561 31470 10905 10176 20132 48573 70500 81500
                   333 10285 20136 58019 81610=

################################################################################
#  SYNOPS from 67563, Kafironda (Zambia) | 12-36S | 028-07E | 1243 m
################################################################################
201105260600 AAXX 26064 67563 31978 00000 10142 20120 48/// 70500
                   333 10305 20089 59005=

################################################################################
#  SYNOPS from 67571, Serenje (Zambia) | 13-14S | 030-13E | 1384 m
################################################################################
201105300600 AAXX 30064 67571 32980 70903 10218 20154 48533 70522 80008
                   333 10292 20130 59002 87281=
201105260600 AAXX 26064 67571 31978 20000 10207 20151 48542 70500 80001
                   333 10294 20116 59003 82080=
201105240900 AAXX 24094 67571 42580 70905 10228 20121 48553 81138
                   333 58002 81825 83360 87280=
201105230900 AAXX 23094 67571 42580 70910 10209 20122 48552 85508
                   333 58000 85625 87280=
201105230600 AAXX 23064 67571 12480 70904 10169 20136 48540 69904 85538
                   333 10217 20138 58004 85618 81360 86280=
201105161200 AAXX 16124 67571 42880 71504 10259 20119 48494 83108
                   333 58004 83840 87281=
201105130900 AAXX 13094 67571 42682 33602 10240 20092 48534 81101
                   333 58001 81830 83081=
201105130600 AAXX 13064 67571 32982 61206 10190 20109 48531 80008
                   333 10258 20132 59005 86281=
201105121200 AAXX 12124 67571 42680 71204 10249 20111 48584 81108
                   333 59004 81832 87282=
201105120900 AAXX 12094 67571 42480 70904 10227 20087 48533 81108
                   333 58004 81819 87282=
201105100900 AAXX 10094 67571 42577 20908 10220 20117 48543 70500 81101
                   333 58003 81828 82081=
201105090600 AAXX 09064 67571 32982 20910 10195 20096 48532 80001
                   333 10258 20139 58000 82080=
201105050600 AAXX 05064 67571 32982 10909 10165 20081 48550 80001
                   333 10239 20119 58005 81081=
201105040600 AAXX 04064 67571 32482 10908 10166 20116 48550 81501
                   333 10219 20118 59016 81618 81080=

################################################################################
#  SYNOPS from 67575, Mkushi (Zambia) | 13-38S | 029-53E | 1237 m
################################################################################
201105300600 AAXX 30064 67575 32980 00000 10162 20146 48492
                   333 10311 20117 58005=

################################################################################
#  SYNOPS from 67580, Msekera (Zambia) | 13-39S | 032-34E | 1025 m
################################################################################
201105300900 AAXX 30094 67580 42680 20602 10290 20157 48/// 82100
                   333 58004 82847=
201105300600 AAXX 30064 67580 32480 20902 10235 20172 48/// 81101
                   333 10307 20163 58002 81814 81080=
201105270600 AAXX 27064 67580 32480 12405 10210 20166 48/// 81130
                   333 10318 20147 58015 81818 81362=
201105261200 AAXX 26124 67580 42880 20904 10309 20153 48/// 82100
                   333 59004 82857=
201105260600 AAXX 26064 67580 31980 00000 10233 20168 48/// 70500
                   333 10299 20155 58000=
201105230900 AAXX 23094 67580 42680 71604 10236 20145 48/// 8223/
                   333 58005 82830 87360=
201105200900 AAXX 20094 67580 42580 71304 10233 20169 48/// 83130
                   333 58016 83824 87361=
201105180900 AAXX 18094 67580 42680 30904 10281 20148 48/// 83101
                   333 59003 83845 81080=
201105180600 AAXX 18064 67580 32980 10000 10224 20178 48/// 81031
                   333 10312 20149 58002 81362 81080=
201105160600 AAXX 16064 67580 32980 51106 10217 20139 48/// 80008
                   333 10292 20138 58003 85280=
201105130900 AAXX 13094 67580 42680 71204 10252 20122 48/// 84108
                   333 58000 84842 85281=
201105121200 AAXX 12124 67580 42780 70904 10287 20146 48/// 85108
                   333 59004 85856 86280=
201105120900 AAXX 12094 67580 42680 70907 10253 20142 48/// 83108
                   333 58000 83840 87280=
201105100900 AAXX 10094 67580 42580 21606 10246 20132 48/// 82100
                   333 59001 82825=
201105100600 AAXX 10064 67580 32980 01807 10184 20136 48///
                   333 10282 20125 59008=
201105090900 AAXX 09094 67580 42680 11206 10255 20109 48/// 81100
                   333 5//// 81840=
201105050900 AAXX 05094 67580 42580 50903 10232 20118 48/// 85100
                   333 58004 85824=
201105050600 AAXX 05064 67580 32980 71305 10179 20129 48/// 87030
                   333 10260 20123 58001 87360=
201105041200 AAXX 04124 67580 42680 60000 10242 20127 48/// 86100
                   333 59006 86848=
201105040600 AAXX 04064 67580 32480 21204 10189 20136 48/// 81130
                   333 10259 20133 59007 81815 82360=
201105030900 AAXX 03094 67580 42680 11808 10228 20127 48/// 81101
                   333 59008 81828 81080=

################################################################################
#  SYNOPS from 67581, Chipata (Zambia) | 13-33S | 032-35E | 1028 m
################################################################################
201105310600 AAXX 31064 67581 32980 00405 10236 20158 48558
                   333 10311 20208 58002=
201105300600 AAXX 30064 67581 32680 20407 10232 20160 48556 82100
                   333 10302 20139 58006 82830=
201105270600 AAXX 27064 67581 32680 21805 10226 20173 48563 82100
                   333 10312 20154 58011 82830=
201105260600 AAXX 26064 67581 32980 01406 10242 20163 48556
                   333 10284 20166 59001=
201105230600 AAXX 23064 67581 32982 60000 10201 20141 48562 86030
                   333 10269 20155 58005 86362=
201105200600 AAXX 20064 67581 31670 71403 10213 20162 48551 70500 81170
                   333 10300 20184 58010 81830 87459=
201105160600 AAXX 16064 67581 32980 30905 10230 20128 48536 80002
                   333 10285 20126 58001 83080=
201105130600 AAXX 13064 67581 32980 00403 10224 20132 48553
                   333 10290 20162 59003=
201105120600 AAXX 12064 67581 32980 30603 10221 20131 48554 80002
                   333 10278 20138 59002 83080=
201105100600 AAXX 10064 67581 31970 00000 10210 20127 48547 70500
                   333 10289 20150 59004=
201105091200 AAXX 09124 67581 42980 00908 10280 20120 48542
                   333 59011=
201105090600 AAXX 09064 67581 32980 01408 10216 20112 48553
                   333 10299 20170 58005=
201105061200 AAXX 06124 67581 42682 32107 10269 20114 48536 83100
                   333 58009 83840=
201105050600 AAXX 05064 67581 32982 61702 10186 20114 48566 86030
                   333 10270 20139 58002 86360=
201105040900 AAXX 04094 67581 42680 51203 10231 20115 48568 83130
                   333 59002 83830 82360=
201105040600 AAXX 04064 67581 32980 61403 10184 20122 48564 86030
                   333 10272 20149 59007 86360=
201105030600 AAXX 03064 67581 32580 11506 10185 20138 48570 81100
                   333 10299 20144 59005 81825=
201105020600 AAXX 02064 67581 32582 11306 10191 20120 48577 81100
                   333 10301 20150 58019 81820=

################################################################################
#  SYNOPS from 67583, Lundazi (Zambia) | 12-17S | 033-12E | 1143 m
################################################################################
201105300600 AAXX 30064 67583 32980 00301 10190 20158 48///
                   333 10290 20122 5////=
201105260600 AAXX 26064 67583 32980 00901 10198 20170 48///
                   333 10295 20115 5////=

################################################################################
#  SYNOPS from 67599, Mfuwe (Zambia) | 13-16S | 031-56E | 568 m
################################################################################
201105310600 AAXX 31064 67599 32980 00908 10230 20185 48563
                   333 10350 20165 58004=
201105300900 AAXX 30094 67599 42680 10805 10300 20198 48576 81100
                   333 59001 81835=
201105300600 AAXX 30064 67599 32980 20806 10230 20193 48559 80001
                   333 10336 20150 59002 82080=
201105270600 AAXX 27064 67599 32980 12107 10230 20176 48561 81030
                   333 58008 81360=
201105260600 AAXX 26064 67599 32980 00000 10212 20181 48553
                   333 10340 20154 59002=
201105240900 AAXX 24094 67599 41675 70000 10260 20177 48579 70522 81232
                   333 59002 81830 84360 87280=
201105230600 AAXX 23064 67599 11975 71505 10195 20164 48563 69904 70500 8707/
                   333 10290 20154 58003 87459=
201105201500 AAXX 20154 67599 42680 70000 10280 20208 48551 82932
                   333 58026 82940 85360 81080=
201105201200 AAXX 20124 67599 42680 61210 10300 20190 48559 82232
                   333 58024 82840 85360 81080=
201105200900 AAXX 20094 67599 42680 61006 10250 20192 48575 82130
                   333 58012 82830 86360=
201105200600 AAXX 20064 67599 32980 60000 10214 20181 48551 8603/
                   333 10344 20182 58011 86360
                   555 00///=
201105180900 AAXX 18094 67599 42480 33313 10296 20201 48561 70300 82201
                   333 59005 82820 83080=
201105161200 AAXX 16124 67599 42680 50204 10325 20177 48536 81201
                   333 58003 81830 85080=
201105160600 AAXX 16064 67599 32980 31203 10189 20142 48534 80001
                   333 10325 20132 58004 83080=
201105130900 AAXX 13094 67599 42680 20000 10280 20174 48575 82200
                   333 59007 82835=
201105120600 AAXX 12064 67599 32980 30000 10192 20158 48553 82031
                   333 10320 20140 59005 82360 83080=
201105100900 AAXX 10094 67599 42580 20000 10264 20172 48/// 82100
                   333 58006 82825=
201105100600 AAXX 10064 67599 32980 00000 10184 20149 48564
                   333 10335 20114 58000=
201105090600 AAXX 09064 67599 32980 10000 10190 20141 48549 80001
                   333 10320 20125 58000 81080=
201105061500 AAXX 06154 67599 42780 11607 10290 20160 48563 81200
                   333 59005 81850=
201105061200 AAXX 06124 67599 42680 30905 10295 20167 48670 83200
                   333 59004 83840=
201105060600 AAXX 06064 67599 32980 02205 10175 20134 48570
                   333 10309 20110 59007=
201105050900 AAXX 05094 67599 42480 20905 10253 20145 48592 82200
                   333 58008 82820=
201105041200 AAXX 04124 67599 42680 42106 10284 20176 48567 83130
                   333 59007 83840 82360=
201105040600 AAXX 04064 67599 32980 80000 10185 20159 48565 8803/
                   333 10297 20141 59010 88360=

################################################################################
#  SYNOPS from 67633, Mongu (Zambia) | 15-15S | 023-09E | 1052 m
################################################################################
201105310600 AAXX 31064 67633 32982 10000 10189 20119 48534 80001
                   333 10315 20125 59009 81080=
201105300600 AAXX 30064 67633 32982 00902 10196 20062 48527
                   333 10393 20125 59008=
201105270600 AAXX 27064 67633 32982 01804 10135 20026 48500
                   333 10245 20105 58013=
201105261200 AAXX 26124 67633 42982 01813 10230 30076 48543 70200
                   333 58023=
201105260900 AAXX 26094 67633 42982 01508 10214 20055 48559
                   333 58019=
201105260600 AAXX 26064 67633 32982 01809 10160 20064 48542
                   333 10312 20140 58015=
201105230600 AAXX 23064 67633 32982 00904 10176 20135 48544
                   333 10295 20147 58010=
201105200600 AAXX 20064 67633 32982 61601 10158 20131 48534 86030
                   333 10270 20135 59012 86360=
201105130600 AAXX 13064 67633 32982 00904 10185 20099 48530
                   333 10290 20130 59001=
201105121200 AAXX 12124 67633 42982 02703 10270 20099 48519 70200
                   333 59007=
201105120900 AAXX 12094 67633 42682 10904 10264 20106 48547 81100
                   333 59007 81830=
201105120600 AAXX 12064 67633 32982 10810 10170 20106 48529 80001
                   333 10289 20134 59004 81080=
201105110600 AAXX 11064 67633 32980 30905 10170 20115 48533 80001
                   333 10300 20139 58005 83080=
201105101200 AAXX 10124 67633 42882 11204 10288 20089 48522 81100
                   333 58009 81857=
201105100900 AAXX 10094 67633 42982 00506 10268 20098 48546
                   333 58003=
201105100600 AAXX 10064 67633 32982 01007 10183 20108 48530
                   333 10307 20144 58006=
201105091200 AAXX 09124 67633 42882 10906 10294 20068 48514 81100
                   333 59015 81857=
201105090900 AAXX 09094 67633 42982 00407 10272 20094 48544
                   333 59007=
201105090600 AAXX 09064 67633 32982 11105 10187 20108 48524 81030
                   333 10308 20138 59006 81361=
201105050600 AAXX 05064 67633 32982 00908 10186 20125 48549
                   333 10290 20145=
201105040600 AAXX 04064 67633 32982 00906 10190 20141 48549
                   333 10290 20150 59016=
201105030600 AAXX 03064 67633 NIL=
201105020600 AAXX 02064 67633 12982 20910 10204 20138 48558 69904 80002
                   333 10328 20171 58024 82080=

################################################################################
#  SYNOPS from 67641, Kaoma (Zambia) | 14-48S | 024-48E | 1213 m
################################################################################
201105310600 AAXX 31064 67641 32982 00801 10112 20092 48520
                   333 10305 20086 58002=
201105300600 AAXX 30064 67641 32982 00402 10133 20100 48521
                   333 10298 20076 5////=
201105270600 AAXX 27064 67641 NIL=
201105260600 AAXX 26064 67641 NIL=
201105230600 AAXX 23064 67641 NIL=
201105200600 AAXX 20064 67641 32982 31002 10155 20120 48529 83030
                   333 10259 20115 58008 83360=
201105160600 AAXX 16064 67641 32982 20702 10126 20099 48500 80001
                   333 10295 20088 58003 82080=
201105120600 AAXX 12064 67641 32982 40802 10144 20114 48521 80001
                   333 10290 20101 59006 84080=
201105040600 AAXX 04064 67641 NIL=
201105030600 AAXX 03064 67641 NIL=

################################################################################
#  SYNOPS from 67655, Mumbwa (Zambia) | 15-04S | 027-11E | 1216 m
################################################################################
201105230600 AAXX 23064 67655 32980 00000 10161 20144 48553
                   333 10256 20188 58000=
201105160600 AAXX 16064 67655 32980 40905 10186 20089 48522 80008
                   333 10278 20107 58004 84276=
201105090600 AAXX 09064 67655 32980 00906 10176 20103 48540
                   333 10272 20119 59004=

################################################################################
#  SYNOPS from 67663, Kabwe (Zambia) | 14-27S | 028-28E | 1206 m
################################################################################
201105310600 AAXX 31064 67663 NIL=
201105300600 AAXX 30064 67663 32980 33603 10199 20154 48547 83030
                   333 10284 20140 58007 83360=
201105270600 AAXX 27064 67663 32980 01002 10177 20172 48543
                   333 10303 20131 58014=
201105260600 AAXX 26064 67663 32980 03603 10206 20159 48522
                   333 10301 20133 59018=
201105230600 AAXX 23064 67663 31480 40903 10165 20143 48501 72842 84500
                   333 10241 20118 59040 84610=
201105200600 AAXX 20064 67663 NIL=
201105160600 AAXX 16064 67663 32980 50601 10187 20108 48514 80008
                   333 10272 20112 59006 85280=
201105130600 AAXX 13064 67663 32980 10501 10177 20111 48535 80002
                   333 10271 20116 59001 81080=
201105090600 AAXX 09064 67663 32980 00905 10165 20106 48530
                   333 10266 20115 59007=
201105040600 AAXX 04064 67663 32980 00704 10159 20121 48544
                   333 10229 20117 59010=
201105030600 AAXX 03064 67663 32480 31304 10166 20144 48555 81530
                   333 10242 20128 59011 81615 83360=

################################################################################
#  SYNOPS from 67665, Lusaka Internationalairport (Zambia) | 15-19S | 028-27E | 1152 m
################################################################################
201105310600 AAXX 31064 67665 32980 01503 10188 20164 48552
                   333 10296 20131 58003=
201105301200 AAXX 30124 67665 42680 53205 10288 20167 48529 85200
                   333 58001 85845=
201105300900 AAXX 30094 67665 42580 01004 10257 20172 48557 81100
                   333 58001 81825=
201105300600 AAXX 30064 67665 32980 11403 10182 20164 48548 81030
                   333 10287 20123 58005=
201105300400 AAXX 30044 67665 42980 11503 10132 20132 48526 81030
                   333 58001 81360=
201105291800 AAXX 29184 67665 42980 11303 10179 20169 48530 81030
                   333 10287 59013 81360=
201105281500 AAXX 28154 67665 41760 30504 10245 20169 48536 70522 81230
                   333 59010 81850 82360=
201105281200 AAXX 28124 67665 41660 20605 10255 20172 48541 70500 82100
                   333 59007 82835=
201105280400 AAXX 28044 67665 42980 11203 10105 20105 48536 70300 81030
                   333 59006 81360=
201105280300 AAXX 28034 67665 42980 01203 10111 20111 48535 70200
                   333 59007=
201105280000 AAXX 28004 67665 42980 01303 10125 20106 48539
                   333 58000=
201105272100 AAXX 27214 67665 42980 01504 10139 20112 48547
                   333 59004=
201105271200 AAXX 27124 67665 42580 10905 10237 20105 48549 70100 81100
                   333 58008=
201105270900 AAXX 27094 67665 42980 11010 10226 20070 48573 80001
                   333 58021 81080=
201105270600 AAXX 27064 67665 32980 11002 10160 20106 48560 80001
                   333 10279 20095 58022 81080=
201105261800 AAXX 26184 67665 42980 11305 10169 20126 48546 81030
                   333 10279 58017 81360=
201105261500 AAXX 26154 67665 42980 11509 10231 20115 48541 81030
                   333 58018 81360 555 10279=
201105261200 AAXX 26124 67665 42680 31608 10265 20174 48542 83100
                   333 58013 83840=
201105260900 AAXX 26094 67665 42580 31604 10257 20174 48557 83100
                   333 58002 83825=
201105260600 AAXX 26064 67665 32980 00000 10199 20124 48546
                   333 10290 20123 59007=
201105250600 AAXX 25064 67665 32980 01303 10177 20170 48547
                   333 20105 59018 555 91022=
201105241200 AAXX 24124 67665 42680 20606 10265 20094 48550 82100
                   333 59005 82848=
201105240900 AAXX 24094 67665 42980 00808 10237 20147 48574
                   333 58001=
201105240400 AAXX 24044 67665 41960 11503 10122 20122 48548 71000 81030
                   333 58005 81359=
201105232100 AAXX 23214 67665 42980 01403 10138 20138 48551
                   333 58002=
201105230900 AAXX 23094 67665 42480 40909 10218 20180 48570 84500
                   333 59003 84518=
201105230600 AAXX 23064 67665 32380 11106 10158 20158 48561 81500
                   333 10238 20100 58005 81506=
201105220000 AAXX 22004 67665 42980 01203 10123 20123 40539
                   333 59002=
201105212100 AAXX 21214 67665 42980 01103 10130 20130 40548
                   333 58004=
201105210900 AAXX 21094 67665 42580 60910 10211 20177 48567 86500
                   333 58002 86625=
201105210600 AAXX 21064 67665 41460 11105 10153 20140 48552 70500 81130
                   333 10294 20110 58001 81810 81360=
201105201800 AAXX 20184 67665 42980 01203 10173 20165 48545
                   333 10294 58008=
201105201500 AAXX 20154 67665 42780 20906 10242 20164 48537 81130
                   333 58006 81850 81360=
201105201200 AAXX 20124 67665 42680 50908 10259 20167 48547 85130
                   333 58013 85835 82360=
201105200900 AAXX 20094 67665 42580 51011 10232 20156 48567 70222 83131
                   333 59007 83820 82360 81080 91024=
201105200600 AAXX 20064 67665 32980 31304 10156 20142 48553 81031
                   333 10280 20110 58011 81360 82080=
201105181200 AAXX 18124 67665 42780 50902 10270 20090 48524 85130
                   333 59001 85850 81360=
201105180900 AAXX 18094 67665 42680 10305 10260 20140 48547 81100
                   333 59005 81845=
201105180600 AAXX 18064 67665 32980 51303 10198 20158 48540 85030
                   333 10298 20125 59001 85360=
201105171200 AAXX 17124 67665 42680 10804 10279 20120 48526 70200 81100
                   333 58005 81842=
201105170900 AAXX 17094 67665 42980 00610 10255 20102 48552
                   333 58009=
201105170600 AAXX 17064 67665 32980 11404 10179 20128 48536 81030
                   333 10275 20087 58007 81360=
201105161500 AAXX 16154 67665 42980 10506 10255 20101 48515 80001
                   333 58003 81080=
201105161200 AAXX 16124 67665 42980 20509 10266 20106 48521 80001
                   333 58004 82080=
201105160600 AAXX 16064 67665 32980 21504 10172 20148 48530 80001
                   333 10282 20090 58001 82080=
201105160400 AAXX 16044 67665 42980 11803 10110 20096 48507 70300 80001
                   333 58004 81080=
201105160300 AAXX 16034 67665 42980 01803 10090 20090 48504 70200
                   333 58006=
201105160000 AAXX 16004 67665 42980 01803 10111 20111 48506 70200
                   333 58006=
201105152100 AAXX 15214 67665 42980 01902 10144 20116 48518
                   333 58000=
201105151800 AAXX 15184 67665 42980 01302 10176 20134 48521
                   333 10284 58000=
201105150900 AAXX 15094 67665 42680 10909 10251 20096 48540 81100
                   333 59006 81830=
201105131200 AAXX 13124 67665 42680 10404 10262 20111 48535 81100
                   333 58000 81850 91019=
201105130900 AAXX 13094 67665 42680 10307 10248 20124 48561 81100
                   333 59001 81835=
201105130600 AAXX 13064 67665 32980 01305 10158 20132 48546
                   333 10220 20090 59003=
201105121200 AAXX 12124 67665 42980 10808 10251 20140 48534 80001
                   333 59005 81080=
201105120900 AAXX 12094 67665 42680 30710 10225 20135 48560 82101
                   333 59006 81835 82080=
201105120600 AAXX 12064 67665 32980 31204 10155 20146 48548 80001
                   333 10201 20090 59006 83080=
201105120400 AAXX 12044 67665 42980 41303 10099 20099 48533 80001
                   333 59003 84080=
201105120300 AAXX 12034 67665 42980 01403 10109 20109 48529
                   333 59004=
201105112100 AAXX 11214 67665 42980 01503 10131 20131 48538
                   333 59002=
201105111200 AAXX 11124 67665 42680 11006 10248 20124 48537 81100
                   333 59003 81837=
201105110900 AAXX 11094 67665 42580 20807 10220 20140 48564 81101
                   333 58005 81825 81080=
201105110600 AAXX 11064 67665 32980 11403 10152 20144 48553 80001
                   333 10250 20081 58003 81080=
201105110400 AAXX 11044 67665 42980 11703 10105 20095 48538 81030
                   333 58004 81359=
201105110300 AAXX 11034 67665 42980 01703 10102 20093 48532
                   333 58005=
201105110000 AAXX 11004 67665 42980 01603 10112 20112 48531
                   333 58008=
201105102100 AAXX 10214 67665 42980 01503 10120 20120 48539
                   333 58004=
201105101800 AAXX 10184 67665 42980 01503 10151 20146 48542
                   333 10250 58003=
201105101500 AAXX 10154 67665 42980 11006 10228 20139 48538 81030
                   333 58002 81360=
201105101200 AAXX 10124 67665 42680 30807 10235 20139 48539 83100
                   333 58000 83842=
201105100900 AAXX 10094 67665 42580 30910 10225 20154 48559 83100
                   333 58003 82825=
201105100600 AAXX 10064 67665 31459 11006 10156 20156 48552 70542 81100
                   333 10241 20100 58003 81810=
201105100400 AAXX 10044 67665 42980 01405 10106 20106 48534
                   333 59004=
201105100300 AAXX 10034 67665 42980 01804 10115 20115 48529
                   333 59004=
201105100000 AAXX 10004 67665 42980 01604 10112 20112 48524
                   333 59004=
201105092100 AAXX 09214 67665 42980 01603 10126 20119 48537
                   333 59009=
201105091800 AAXX 09184 67665 42980 01402 10151 20134 48541
                   333 10265 58006=
201105091500 AAXX 09154 67665 42880 21110 10229 20133 48536 82100
                   333 58004 82857=
201105091200 AAXX 09124 67665 42680 31012 10243 20126 48540 83100
                   333 58002 83846=
201105090900 AAXX 09094 67665 42680 20814 10242 20146 48559 82100
                   333 59007 82830=
201105090600 AAXX 09064 67665 32980 01007 10170 20134 48551
                   333 10261 20100 58001=
201105081800 AAXX 08184 67665 42980 01608 10154 20126 48535
                   333 10275 58002=
201105081500 AAXX 08154 67665 42980 01208 10255 20069 48536
                   333 59001 555 10275=
201105081200 AAXX 08124 67665 42580 10807 10260 20109 48541 81100
                   333 59004 81830 91020=
201105080600 AAXX 08064 67665 32980 01403 10171 20165 48550
                   333 10270 20089 59012 91022=
201105070900 AAXX 07094 67665 42980 00807 10235 20096 48570
                   333 59008 91024=
201105070600 AAXX 07064 67665 32980 01403 10155 20111 48560
                   333 10254 20095 555 91024=
201105061800 AAXX 06184 67665 42980 01303 10154 20136 48549
                   333 10254 58002=
201105061500 AAXX 06154 67665 42980 01207 10236 20119 48544
                   333 59007=
201105061200 AAXX 06124 67665 42780 11006 10242 20118 48551 81100
                   333 58009 81850=
201105060900 AAXX 06094 67665 42480 10909 10215 20125 48575 81100
                   333 59006 81818=
201105060600 AAXX 06064 67665 32980 01203 10146 20130 48563
                   333 10248 20096 59004 91024=
201105060400 AAXX 06044 67665 41960 01503 10085 20085 48542 71000
                   333 58000=
201105052100 AAXX 05214 67665 42980 01402 10113 20113 48549
                   333 59002=
201105051800 AAXX 05184 67665 42980 01204 10142 20140 48546
                   333 10242 59003=
201105051200 AAXX 0512/ 67665 42680 11007 10228 20151 48557 81200
                   333 58001 81835=
201105050900 AAXX 05094 67665 42680 30711 10215 20123 48580 83100
                   333 58002 83825=
201105050600 AAXX 05064 67665 32380 11105 10139 20119 48565 81500
                   333 10245 20084 58004 81608=
201105041800 AAXX 04184 67665 42980 11504 10153 20149 48549 81030
                   333 10245 59006 81360=
201105041500 AAXX 04154 67665 42780 31105 10221 20150 48546 81230
                   333 59010 81850 83360=
201105041200 AAXX 04124 67665 42680 61108 10220 20148 48556 86800
                   333 59006 82832 84635=
201105040900 AAXX 04094 67665 42480 60908 10195 20163 48576 86500
                   333 59009 86615=
201105040600 AAXX 04064 67665 32380 11107 10148 20139 48563 81500
                   333 10243 20099 59012 81608=
201105040000 AAXX 04004 67665 42980 11603 10125 20125 48546 81030
                   333 59015 81360=
201105031800 AAXX 0318/ 67665 42980 21203 10158 20158 48557 70222 82030
                   333 59018 82360 91023=
201105031500 AAXX 03154 67665 42680 01306 10210 20164 48554 70222 86130
                   333 59016 82845 85360 91022=
201105031200 AAXX 03124 67665 42980 11702 10136 20136 48556 70200 81030
                   333 59014 91360=
201105030900 AAXX 03094 67665 42580 61007 10205 20166 48586 85130
                   333 59011 85820 84360=
201105030600 AAXX 03064 67665 31360 71105 10157 20143 48576 70522 84530
                   333 10225 20124 59007 84609 85360=
201105021800 AAXX 02184 67665 42980 11302 10156 20159 48574 81030
                   333 10225 58048 81360=
201105020900 AAXX 02094 67665 42480 71013 10203 20173 48555 87500
                   333 58020 87515=
201105020600 AAXX 02064 67665 32380 70809 10172 20139 48584 87630
                   333 58025 87709 82360=
201105010900 AAXX 01094 67665 42580 70810 10227 20168 48570 70222 875//
                   333 58002 87615 91025=
201105010600 AAXX 01064 67665 32380 71006 10186 20175 48563 70322 875//
                   333 10271 20140 59012 87609
                   555 00/// 91024=

################################################################################
#  SYNOPS from 67666, Lusaka City Airport (Zambia) | 15-25S | 028-19E | 1280 m
################################################################################
201105300900 AAXX 30094 67666 41680 10907 10245 20145 48540 70500 81100
                   333 59001 81835=
201105300600 AAXX 30064 67666 31980 10902 10190 20141 48541 70500 81030
                   333 10268 20160 59001 81360=
201105270600 AAXX 27064 67666 32980 11210 10175 20053 48555 80001
                   333 10270 50131 58013 81080=
201105261200 AAXX 26124 67666 42680 42802 10256 20145 48531 84200
                   333 58008 84835=
201105260600 AAXX 26064 67666 31970 02512 10205 20134 48546 70500
                   333 10282 20/// 58007=
201105240900 AAXX 24094 67666 42980 00908 10230 20120 48563
                   333 58001=
201105230900 AAXX 23094 67666 42580 10910 10210 20136 48561 81100
                   333 59002 81820=
201105230600 AAXX 23064 67666 32980 00910 10150 20141 48///
                   333 10225 20120 59002=
201105200900 AAXX 20094 67666 42680 60915 10215 20140 48557 82240
                   333 59021 82830 84360=
201105180600 AAXX 18064 67666 32980 40905 10200 20115 48532 83031
                   333 10276 59002 83360 82080=
201105161200 AAXX 16124 67666 42980 30909 10257 20112 48511 80001
                   333 58004 83080=
201105160600 AAXX 16064 67666 32980 40904 10155 20089 48523 80001
                   333 10261 20090 59003 84080=
201105130900 AAXX 13094 67666 42680 11005 10225 20105 48551 81100
                   333 58001 81840=
201105130600 AAXX 13064 67666 31978 00905 10175 20095 48542 70500
                   333 10251 20110 59004=
201105121200 AAXX 12124 67666 42580 20905 10236 20102 48527 81101
                   333 59003 81830 81080=
201105120900 AAXX 12094 67666 42980 40916 10218 20115 48550 80002
                   333 59006 84080=
201105120600 AAXX 12064 67666 32980 21007 10170 20098 48545 80002
                   333 10240 20115 59004 81080=
201105100900 AAXX 10094 67666 42480 20914 10210 20115 48550 81100
                   333 58002 81830=
201105100600 AAXX 10064 67666 32980 00913 10160 20126 48535
                   333 10250 20140 58004=
201105090900 AAXX 09094 67666 42580 10516 10238 20103 48572 81100
                   333 59008 81818=
201105090600 AAXX 09064 67666 32980 00908 10175 20114 48541
                   333 10257 20130 59012=
201105050900 AAXX 05094 67666 42580 10914 10205 20100 48569 81100
                   333 58001 81820=
201105050600 AAXX 05064 67666 32980 01110 10156 20102 48559
                   333 10230 20117 58003=
201105041200 AAXX 04124 67666 42580 50905 10208 20115 48547 84230
                   333 59002 84830 82360=
201105040600 AAXX 04064 67666 32480 31010 10154 20128 48555 83500
                   333 10260 20120 59012 83615=
201105030900 AAXX 03094 67666 42580 60908 10200 20137 48577 86800
                   333 59010 85623 83825=

################################################################################
#  SYNOPS from 67667, Mount Makulu (Zambia) | 15-33S | 028-15E | 1213 m
################################################################################
201105300600 AAXX 30064 67667 31975 03610 10210 20150 48/// 70500
                   333 10276 20120 58001=
201105260600 AAXX 26064 67667 31975 01203 10200 20138 48/// 70500
                   333 10295 20114 58007=

################################################################################
#  SYNOPS from 67673, Petauke (Zambia) | 14-15S | 031-17E | 1035 m
################################################################################
201105300600 AAXX 30064 67673 32980 40802 10218 20175 48558 84030
                   333 10303 20180 58005 86460=
201105260600 AAXX 26064 67673 32980 00606 10220 20156 48552
                   333 10299 20178 59001=
201105060600 AAXX 06064 67673 32580 30803 10200 20134 48572 81130
                   333 10266 20128 59006 81820 83360=
201105050900 AAXX 05094 67673 42580 50903 10244 20090 48583 85130
                   333 58003 85830 82360=

################################################################################
#  SYNOPS from 67731, Senanga (Zambia) | 16-06S | 023-16E | 1027 m
################################################################################
201105260600 AAXX 26064 67731 32980 01204 10144 20124 48///
                   333 10300 20110 5////=
201105230600 AAXX 23064 67731 32980 01202 10173 20138 48///
                   333 10298 20119 5////=

################################################################################
#  SYNOPS from 67743, Livingstone (Zambia) | 17-49S | 025-49E | 985 m
################################################################################
201105310600 AAXX 31064 67743 32980 22903 10161 20106 48535 82030
                   333 10316 20/// 59004 82359=
201105300900 AAXX 30094 67743 42980 00000 10280 20069 48557
                   333 59011=
201105300600 AAXX 30064 67743 32980 00000 10132 20097 48525
                   333 10286 20/// 59006=
201105270600 AAXX 27064 67743 42980 01307 10195 20005 48575
                   333 58001=
201105260900 AAXX 26094 67743 42980 01808 10175 20035 48592
                   333 58042=
201105260600 AAXX 26064 67743 32980 20302 10136 20024 48563 82030
                   333 10308 20/// 58036 82360=
201105230900 AAXX 23094 67743 42980 01109 10243 20147 48588
                   333 58004=
201105230600 AAXX 23064 67743 32980 00000 10169 20144 48558
                   333 10280 20/// 58006=
201105201200 AAXX 20124 67743 42780 40207 10287 20119 48545 83130
                   333 58004 83857 81360=
201105200900 AAXX 20094 67743 42880 11109 10244 20122 48566 70100 81030
                   333 58013 81360=
201105200600 AAXX 20064 67743 32880 30102 10168 20116 48553 70322 83030
                   333 10290 20111 58022 83360
                   555 00/// 20000=
201105180900 AAXX 18094 67743 42980 00000 10260 20110 48550 70200
                   333 58012=
201105180600 AAXX 18064 67743 32980 02702 10175 20097 48526
                   333 10318 20//0 58006=
201105160600 AAXX 16064 67743 32980 12003 10172 20096 48511 80001
                   333 10317 20/// 58000 81080=
201105130900 AAXX 13094 67743 42780 12704 10245 20123 48559 81100
                   333 59001 81850=
201105130600 AAXX 13064 67743 32980 02803 10164 20106 48536
                   333 10270 20//0 59005=
201105120900 AAXX 12094 67743 42980 00808 10249 20100 48558
                   333 59008=
201105120600 AAXX 12064 67743 32980 00000 10157 20119 48541
                   333 10283 20/// 59005=
201105101200 AAXX 10124 67743 42780 41008 10264 20097 48541 81130
                   333 58002 81856 83359=
201105100600 AAXX 10064 67743 32980 01206 10155 20116 48547
                   333 10286 20/// 58008=
201105091200 AAXX 09124 67743 42780 30910 10275 20091 48541 83100
                   333 58006 83856=
201105090600 AAXX 09064 67743 32980 00903 10169 20119 48540
                   333 10300 20/// 58002=
201105061200 AAXX 06124 67743 42682 32107 10269 20114 58551 81100
                   333 58009 81850=
201105050600 AAXX 05064 67743 32980 02000 20126 48558 70500
                   333 10278 20/// 58002=
201105041200 AAXX 04124 67743 42780 31508 10255 20110 48556 83100
                   333 59010 83850=
201105040900 AAXX 04094 67743 42980 01210 10233 20118 48581
                   333 59012=
201105040600 AAXX 04064 67743 32980 01206 10170 20130 48558
                   333 10260 20/// 59020=
201105030900 AAXX 03094 67743 42680 11608 10231 20109 48993 81100
                   333 59002 81845=
201105030600 AAXX 03064 67743 32980 00805 10170 20144 48577
                   333 10283 20/// 58000=
201105020900 AAXX 02094 67743 42680 40709 10240 20160 48595 84100
                   333 58017 84835=
201105020600 AAXX 02064 67743 12380 40903 10181 20170 48579 60124 84600
                   333 10294 20/// 59027 83710=

################################################################################
#  SYNOPS from 67751, Magoye (Zambia) | 16-00S | 027-36E | 1018 m
################################################################################
201105300600 AAXX 30064 67751 32980 00000 10165 20134 48///
                   333 10278 20081 5////=

################################################################################
#  SYNOPS from 67753, Choma (Zambia) | 16-50S | 027-04E | 1213 m
################################################################################
201105310600 AAXX 31064 67753 32980 03005 10163 20126 48///
                   333 10280 20091 5////=
201105300900 AAXX 30094 67753 42680 23608 10251 20135 48/// 82100
                   333 5//// 82840=
201105300600 AAXX 30064 67753 32980 00000 10140 20116 48///
                   333 10265 20082 5////=
201105270600 AAXX 27064 67753 32980 11204 10121 20029 48/// 80002
                   333 10241 20078 5//// 81080=
201105260600 AAXX 26064 67753 31970 01806 10144 20044 48/// 70500
                   333 10286 20116 5////=
201105240900 AAXX 24094 67753 41670 10610 10241 20132 48/// 81100
                   333 5//// 81830=
201105230900 AAXX 23094 67753 41575 40908 10219 20143 48/// 70521 84100
                   333 5//// 84828=
201105230600 AAXX 23064 67753 31975 00906 10139 20127 48/// 70500
                   333 10238 20081 5////=
201105200600 AAXX 20064 67753 12980 10000 10156 20121 48/// 60024 81030
                   333 10277 20103 5//// 81360=
201105110600 AAXX 11064 67753 32980 10613 10138 20109 48/// 80002
                   333 10240 20067 81080=
201105100900 AAXX 10094 67753 42580 70610 10206 20132 48/// 87508
                   333 5//// 87625 85280=
201105090600 AAXX 09064 67753 32980 10905 10172 20139 48/// 81030
                   333 10266 20085 5//// 81360=
201105050600 AAXX 05064 67753 32980 30904 10148 20133 48/// 83030
                   333 10255 20079 5//// 87360=
201105040600 AAXX 04064 67753 32580 71006 10142 20133 48/// 83508
                   333 10/// 20/// 5//// 83610 87280=
201105030600 AAXX 03064 67753 NIL=

################################################################################
#  SYNOPS from 67855, Lupaki (Zambia) | 17-03-00S | 024-46-00E | 1000 m
################################################################################
201105301200 AAXX 30124 67855 42680 23303 10290 20055 3//// 48/// 82100
                   333 5//// 82840=
201105300600 AAXX 30064 67855 31970 00000 10100 20080 3//// 48/// 70500
                   333 20055 5////=
201105291200 AAXX 29124 67855 42980 02701 10262 20100 3//// 4////
                   333 5////=
201105290600 AAXX 29064 67855 31970 01601 10068 20051 38/// 48/// 70500
                   333 20025 5////=
201105281200 AAXX 28124 67855 42980 03303 10270 20072 38/// 48///
                   333 5////=
201105280600 AAXX 28064 67855 31970 01801 10074 20034 38/// 48///
                   333 20020 5////=
201105271200 AAXX 27124 67855 42980 02401 10240 20010 3//// 48///
                   333 5////=
201105270600 AAXX 27064 67855 31970 00000 10038 21010 3//// 48/// 70540
                   333 21015 5////=
201105261200 AAXX 26124 67855 42980 01803 10218 20096 3//// 48///
                   333 5////=
201105260600 AAXX 26064 67855 31970 22004 10116 20025 3//// 48/// 70500 82030
                   333 20095 5//// 82360=
201105251200 AAXX 25124 67855 42680 23303 10300 20118 3//// 48/// 82100
                   333 5//// 82840=
201105250600 AAXX 25064 67855 31970 03001 10126 20115 3//// 4//// 70500
                   333 20085 5////=
201105241200 AAXX 24124 67855 NIL=
201105240600 AAXX 24064 67855 31970 01601 10130 20113 38/// 48/// 70500
                   333 20085 5////=
201105231200 AAXX 23124 67855 42680 30301 10278 20118 38/// 48/// 83200
                   333 5//// 83840=
201105230600 AAXX 23064 67855 31970 00000 10120 20105 3//// 48/// 70500
                   333 20086 5////=
201105221200 AAXX 22124 67855 NIL=
201105220600 AAXX 22064 67855 31970 01801 10124 20116 3//// 48/// 70500
                   333 20093 5////=
201105211200 AAXX 21124 67855 NIL=
201105210600 AAXX 21064 67855 31940 11401 10120 20120 3//// 48/// 74244 81030
                   333 20095 5//// 81350=
201105201200 AAXX 20124 67855 NIL=
201105200600 AAXX 20064 67855 32980 13505 10184 20131 3//// 48/// 85070
                   333 20120 5//// 85360=
201105191200 AAXX 19124 67855 42680 63603 10290 20115 3//// 48/// 82202
                   333 5//// 82840 86080=
201105190600 AAXX 19064 67855 31970 60000 10116 20108 38/// 48/// 70511 80002
                   333 20090 5//// 86080=
201105181200 AAXX 18124 67855 42680 13201 10296 20113 38/// 48/// 81100
                   333 5//// 81830=
201105180600 AAXX 18064 67855 31980 11801 10116 20080 38/// 48/// 70500 81030
                   333 20080 5//// 81360=
201105171200 AAXX 17124 67855 42680 13304 10298 20096 3//// 48/// 81100
                   333 5//// 81840=
201105170600 AAXX 17064 67855 31970 00000 10120 20092 3//// 48/// 70500
                   333 20085 5////=
201105161200 AAXX 16124 67855 NIL=
201105160600 AAXX 16064 67855 32980 01801 10136 20104 3//// 48///
                   333 20090 5////=
201105151200 AAXX 15124 67855 NIL=
201105150600 AAXX 15064 67855 31970 02001 10120 20083 3//// 48/// 70500
                   333 20080 5////=
201105141200 AAXX 14124 67855 42680 12702 10290 20100 3//// 48/// 81100
                   333 5//// 81840=
201105140600 AAXX 14064 67855 32980 01701 10112 20093 38/// 48///
                   333 20074 5////=
201105131200 AAXX 13124 67855 42680 23304 10284 20116 38/// 48/// 82100
                   333 5//// 82840=
201105130600 AAXX 13064 67855 32975 01901 10140 20104 3//// 48///
                   333 20085 5////=
201105121200 AAXX 12124 67855 42980 01801 10280 20073 3//// 48///
                   333 5////=
201105120600 AAXX 12064 67855 31970 01801 10110 20103 3//// 48/// 70500
                   333 20070 5////=
201105110600 AAXX 11064 67855 31970 01801 10098 20082 3//// 48/// 70500
                   333 20054 5////=
201105101200 AAXX 10124 67855 42680 10301 10270 20093 3//// 48/// 81100
                   333 5//// 81840=
201105100600 AAXX 10064 67855 31970 00702 10130 20100 38/// 48/// 70500
                   333 20070 5////=
201105091200 AAXX 09124 67855 42680 41904 10272 20091 38/// 48/// 84100
                   333 5//// 84840=
201105090600 AAXX 09064 67855 32980 11603 10160 20113 3//// 48/// 81030
                   333 20125 5//// 81360=
201105081200 AAXX 08124 67855 NIL=
201105080600 AAXX 08064 67855 32980 01801 10136 20108 3//// 48///
                   333 20088 5////=
201105071200 AAXX 07124 67855 42680 21802 10272 20085 3//// 48/// 82100
                   333 5//// 82840=
201105070600 AAXX 07064 67855 32980 01301 10128 20104 3//// 48///
                   333 20088 5////=
201105061200 AAXX 06124 67855 42680 13301 10274 20115 3//// 48/// 81100
                   333 5//// 81840=
201105060600 AAXX 06064 67855 31970 01801 10114 20100 3//// 48/// 70500
                   333 20072 5////=
201105051200 AAXX 05124 67855 42980 01702 10250 20080 3//// 48///
                   333 5////=
201105050600 AAXX 05064 67855 32980 00703 10130 20101 3//// 48///
                   333 20070 5////=
201105041200 AAXX 04124 67855 42680 10802 10274 20100 3//// 48/// 81100
                   333 5//// 81840=
201105040600 AAXX 04064 67855 32980 00601 10150 20100 38/// 48///
                   333 20093 5////=
201105031200 AAXX 03124 67855 42680 11904 10250 20085 38/// 48/// 81100
                   333 5//// 81830=
201105030600 AAXX 03064 67855 31960 01902 10122 20118 38/// 48/// 70500
                   333 20095 5////=
201105021200 AAXX 02124 67855 NIL=
201105020600 AAXX 02064 67855 NIL=
201105011200 AAXX 01124 67855 NIL=
201105010600 AAXX 01064 67855 12980 11202 10174 20170 3//// 48/// 69904 81030
                   333 20140 5//// 81360=
