################################################################################
# Query made at 04/18/2022 00:41:57 UTC
# Country like Zamb*
# Time interval: from 04/01/2006 05:30  to 05/01/2006 05:30  UTC
################################################################################

################################################################################
#  SYNOPS from 67413, Mbala (Zambia) | 08-51S | 031-20E | 1673 m
################################################################################
200604230600 AAXX 23064 67413 32980 60000 10200 20143 48546 80001
                   333 10266 20140 5//// 86080=
200604201200 AAXX 20124 67413 42580 40000 10250 20156 48531 84200
                   333 58000 84830=

################################################################################
#  SYNOPS from 67441, Mwinilunga (Zambia) | 11-45S | 024-26E | 1361 m
################################################################################
200604280900 AAXX 28094 67441 42684 11213 10234 20145 48578 81100
                   333 5//// 81835=
200604060700 AAXX 06074 67441 12980 53302 10179 20166 48563 69984 85030
                   333 10275 20150 5//// 85360=

################################################################################
#  SYNOPS from 67461, Mansa (Zambia) | 11-06S | 028-51E | 1382 m
################################################################################
200604280900 AAXX 28094 67461 42580 50905 10220 20138 48548 83230
                   333 58015 83826 82362=
200604260600 AAXX 26064 67461 32980 30905 10200 20169 48525 81031
                   333 10285 20160 58007 81362 83080=
200604241200 AAXX 24124 67461 42780 51201 10277 20145 48513 85200
                   333 5//// 85856=
200604230600 AAXX 23064 67461 32980 20902 10210 20163 48536 80001
                   333 10280 20125 59005 82080=
200604220600 AAXX 22064 67461 32480 10901 10182 20161 48534 81500
                   333 10268 20114 58009 81610=
200604210600 AAXX 21064 67461 32480 20906 10186 20161 48530 82501
                   333 10260 20129 59024 82619 81080=
200604201200 AAXX 20124 67461 42680 20904 10256 20129 48520 82100
                   333 58018 82840=
200604200900 AAXX 20094 67461 42580 20902 10225 20146 48547 82500
                   333 58023 82624=
200604120900 AAXX 12094 67461 41480 70000 10226 20196 48508 72166 8587/
                   333 58002 81618 84820 87361=
200604110600 AAXX 11064 67461 32480 61203 10216 20182 48513 82532
                   333 10285 20160 58000 82618 83362 85080=
200604100600 AAXX 10064 67461 32480 71403 10200 20183 48516 8353/
                   333 10286 20172 58006 83618 86362=
200604060700 AAXX 06074 67461 32360 51303 10196 20179 48534 83331
                   333 10270 20159 58002 83606 81080=
200604040900 AAXX 04094 67461 42580 70906 10244 20171 48532 8553/
                   333 59004 85620 82363=

################################################################################
#  SYNOPS from 67475, Kasama (Zambia) | 10-13S | 031-08E | 1382 m
################################################################################
200604260600 AAXX 26064 67475 32580 31012 10197 20165 48534 82530
                   333 10275 20158 59002 82620 81361=
200604210600 AAXX 21064 67475 32480 11008 10176 20135 48533 81100
                   333 10261 20118 59018 81815=
200604100600 AAXX 10064 67475 12480 70603 10201 20177 48522 69904 875//
                   333 10272 20175 58007 87615=

################################################################################
#  SYNOPS from 67476, Misamfu (Zambia) | 10-06S | 031-15E | 1536 m
################################################################################
200604201200 AAXX 20124 67476 42780 30907 10250 20127 48/// 83100
                   333 58004 83850=

################################################################################
#  SYNOPS from 67477, Mpika (Zambia) | 11-54S | 031-26E | 1400 m
################################################################################
200604270900 AAXX 27094 67477 41480 81106 10170 20152 48555 70052 885//
                   333 58008 88615=
200604260600 AAXX 26064 67477 32480 71007 10201 20162 48/// 875//
                   333 10295 20153 5//// 87612=
200604241200 AAXX 24124 67477 42780 11005 10260 20130 48519 81100
                   333 58006 81850=
200604220600 AAXX 22064 67477 32980 10908 10189 20140 48542 80001
                   333 10240 20130 58003 81080=
200604211200 AAXX 21124 67477 42680 41104 10231 20139 48519 84100
                   333 59015 84840=
200604210900 AAXX 21094 67477 42680 21106 10218 20131 48535 82100
                   333 5//// 82835=
200604210600 AAXX 21064 67477 32480 71005 10163 20144 48538 875//
                   333 10239 20125 59025 87610=
200604181200 AAXX 18124 67477 42680 51206 10250 20149 48514 85101
                   333 58013 85840 81081=
200604150900 AAXX 15094 67477 41480 71003 10226 20177 48550 72582 85236
                   333 58027 85817 82361 85280=
200604141200 AAXX 14124 67477 42680 60906 10255 20171 48499 85232
                   333 58027 81947 85847 81363 81080=
200604140900 AAXX 14094 67477 42680 71306 10245 20178 48524 84130
                   333 58022 84830 85362=
200604120900 AAXX 12094 67477 42580 70905 10228 20176 48517 85130
                   333 59010 85827 85361=
200604111200 AAXX 11124 67477 42680 51103 10250 20174 48498 84230
                   333 59004 84832 82361=
200604110600 AAXX 11064 67477 12480 61506 10196 20169 48524 69904 86500
                   333 10249 20165 58006 86611=
200604100900 AAXX 10094 67477 42580 71008 19239 29177 48521 87100
                   333 58007 87828=
200604100600 AAXX 10064 67477 11480 71209 10196 20174 48517 69904 75052 86831
                   333 19260 20170 58005 86614 82360 81080=
200604091200 AAXX 09124 67477 42680 41003 10255 20160 48485 84200
                   333 59012 84838=
200604060900 AAXX 06094 67477 42580 70907 10220 20167 48542 87130
                   333 58010 87825 81361=
200604060700 AAXX 06074 67477 11480 70909 10190 20168 48536 69904 72162 58002 86613 83360
                   81080=
200604040900 AAXX 04094 67477 42580 71209 10200 20162 48538 878//
                   333 59006 87821=

################################################################################
#  SYNOPS from 67531, Zambezi (Zambia) | 13-32S | 023-07E | 1077 m
################################################################################
200604280900 AAXX 28094 67531 42680 11215 10251 20145 48/// 81101
                   333 58008 81842 81082=
200604271200 AAXX 27124 67531 42680 71612 10271 20160 48/// 87100
                   333 5//// 87842=
200604270900 AAXX 27094 67531 42680 11109 10242 20161 48/// 81160
                   333 5//// 81831=
200604261200 AAXX 26124 67531 42780 51213 10286 20154 48/// 85100
                   333 5//// 85850=
200604260600 AAXX 26064 67531 32980 01019 10185 20144 48///
                   333 10310 20138 5////=
200604241200 AAXX 24124 67531 42780 11609 10300 20150 48/// 81101
                   333 5//// 81856 81082=
200604120900 AAXX 12094 67531 42680 50805 10265 20190 48/// 85101
                   333 5//// 85830 81080=
200604111200 AAXX 11124 67531 41680 61807 10291 20196 48/// 71522 83232
                   333 5//// 81938 83838 83361 81081=
200604110600 AAXX 11064 67531 11980 71305 10190 20184 48/// 69914 76062 8707/
                   333 10276 20180 5//// 87361=
200604100900 AAXX 10094 67531 41580 70905 10230 20191 48/// 76062 8487/
                   333 82820 82620 87362=
200604100600 AAXX 10064 67531 32980 61305 10201 20184 48/// 86030
                   333 10289 20176 5//// 86362=
200604071200 AAXX 07124 67531 42680 51809 10295 20186 48/// 85100
                   333 5//// 85844=
200604060900 AAXX 06094 67531 42680 11202 10268 20175 81130
                   333 81837 81363=
200604060700 AAXX 06074 67531 12980 21304 10198 20173 69904 82032
                   333 10300 20159 82363 81082
                   555 00115=
200604050600 AAXX 05064 67531 32980 01313 10200 20169 48///
                   333 10295 20169 5////=
200604041200 AAXX 04124 67531 42680 31208 10285 20165 48/// 83100
                   333 5//// 83846=
200604040900 AAXX 04094 67531 42680 11212 10259 20169 48/// 81100
                   333 5//// 81837=

################################################################################
#  SYNOPS from 67561, Ndola (Zambia) | 13-00S | 028-39E | 1269 m
################################################################################
200604260600 AAXX 26064 67561 32580 11010 10197 20162 48539 81100
                   333 10289 20147 58003 81820=
200604141200 AAXX 14124 67561 41580 70000 10254 20186 48505 71722 86208
                   333 58025 81925 86825 87280=
200604110600 AAXX 11064 67561 31975 20000 10193 20171 48523 70500 82032
                   333 10269 20152 58005 82361 81080=
200604100900 AAXX 10094 67561 42580 50610 10240 20167 48526 85237
                   333 58011 85823 81362 85280=
200604060900 AAXX 06094 67561 42580 50608 10257 20181 48545 85200
                   333 58007 85825 91021=
200604060700 AAXX 06074 67561 31975 30805 10196 20171 48543 70500 82030
                   333 10284 20150 58011 82361=
200604050600 AAXX 05064 67561 32980 00906 10188 20161 48532
                   333 10265 20151 59004=

################################################################################
#  SYNOPS from 67571, Serenje (Zambia) | 13-14S | 030-13E | 1384 m
################################################################################
200604201200 AAXX 20124 67571 42680 60807 10224 20120 48533 86200
                   333 59002 86845=

################################################################################
#  SYNOPS from 67581, Chipata (Zambia) | 13-33S | 032-35E | 1028 m
################################################################################
200604281200 AAXX 28124 67581 42684 51308 10250 20146 48556 85100
                   333 58004 85845=
200604271200 AAXX 27124 67581 42684 71409 10254 20160 48552 87800
                   333 58013 82820 86645=
200604270900 AAXX 27094 67581 42684 51210 10250 20156 48571 85100
                   333 58008 85840=
200604261200 AAXX 26124 67581 42684 51212 10266 20164 48550 85130
                   333 58006 85845 81361=
200604260600 AAXX 26064 67581 32484 11320 10199 20157 48554 81130
                   333 10302 20182 58007 81812 81361=
200604241200 AAXX 24124 67581 42784 51204 10286 20157 48533 85100
                   333 5//// 85856=
200604240600 AAXX 24064 67581 32984 00614 10234 20167 48550
                   333 10302 20140 58004=
200604220600 AAXX 22064 67581 32684 11302 10210 20172 48547 81100
                   333 10264 20151 59003 81830=
200604211200 AAXX 21124 67581 42684 70904 10256 20152 48531 8313/
                   333 59015 83840 87360=
200604210600 AAXX 21064 67581 32584 10810 10225 20167 48551 81100
                   333 10272 20187 59014 81830=
200604201200 AAXX 20124 67581 42684 51106 10255 20136 48545 85100
                   333 59004 85845=
200604200900 AAXX 20094 67581 42684 51004 10247 20159 48567 85100
                   333 58005 85830=
200604200600 AAXX 20064 67581 11481 11218 10208 20164 48572 69904 72051 81130
                   333 10284 20145 58016 81817 81359=
200604140900 AAXX 14094 67581 41684 61010 10270 20196 48537 71522 84230
                   333 58025 81934 84834 83361=
200604120900 AAXX 12094 67581 42684 50512 10264 20188 48528 85130
                   333 59018 85840 81362=
200604111200 AAXX 11124 67581 41680 71713 10265 20182 48515 71522 85232
                   333 59004 85840 83361 81080=
200604110600 AAXX 11064 67581 32684 31205 10230 20184 48541 82132
                   333 10280 20181 58007 82834 82834 81361 81080=
200604100600 AAXX 10064 67581 32984 71705 10210 20165 48532 8703/
                   333 10260 20193 58008 87359=
200604050600 AAXX 05064 67581 12584 11403 10208 20181 48549 60064 81100
                   333 10260 20170 58000 81820=

################################################################################
#  SYNOPS from 67599, Mfuwe (Zambia) | 13-16S | 031-56E | 568 m
################################################################################
200604201200 AAXX 20124 67599 42680 60000 10304 20189 48568 84230
                   333 59003 84845 82360=

################################################################################
#  SYNOPS from 67633, Mongu (Zambia) | 15-15S | 023-09E | 1052 m
################################################################################
200604281200 AAXX 28124 67633 42782 30910 10283 20121 48548 83100
                   333 58002 83856=
200604280900 AAXX 28094 67633 42782 20911 10252 20128 48572 81101
                   333 58014 81850 82080=
200604271200 AAXX 27124 67633 42782 21008 10277 20127 48544 82100
                   333 58007 82856=
200604270900 AAXX 27094 67633 42982 01108 10263 20138 48561
                   333 58007=
200604261200 AAXX 26124 67633 42882 33606 10305 20130 48541 83200
                   333 58010 83856=
200604260600 AAXX 26064 67633 32982 13606 10204 20158 48540 81030
                   333 10327 20175 59007 81360=
200604241200 AAXX 24124 67633 42782 51705 10316 20131 48532 81108
                   333 58001 81856=
200604230600 AAXX 23064 67633 32982 20508 10221 20132 48528 81031
                   333 10309 20167 58000 81361 82080=
200604220600 AAXX 22064 67633 32982 10208 10201 20126 48524 80001
                   333 10305 20163 59006 81080=
200604211200 AAXX 21124 67633 42782 20601 10295 20124 48428 81101
                   333 59014 81850 81080=
200604210900 AAXX 21094 67633 42782 23608 10272 20126 48550 81101
                   333 59012 81850 81080=
200604210600 AAXX 21064 67633 32982 20510 10187 20136 48527 80001
                   333 10292 20149 59018 82080=
200604201200 AAXX 20124 67633 42782 40401 10272 20099 48539 83101
                   333 58004 83856 81080=
200604200900 AAXX 20094 67633 42982 33608 10254 20191 48559 80001
                   333 58009 83080=
200604181200 AAXX 18124 67633 42782 30406 10312 20138 48518 83101
                   333 58003 83850=
200604141200 AAXX 14124 67633 41682 62803 10266 20208 48513 71799 86202
                   333 58027 81930 85830 83080=
200604140900 AAXX 14094 67633 42682 33608 10282 20184 48532 82131
                   333 58020 82820 82361 81080=
200604120900 AAXX 12094 67633 42682 51106 10278 20169 48531 81132
                   333 59006 81840 82361 83080=
200604111200 AAXX 11124 67633 42682 63601 10285 20174 48517 84232
                   333 58012 81940 83845 83362 81080=
200604110600 AAXX 11064 67633 12982 71005 10206 20188 48516 60034 87030
                   333 10287 20195 58006 87360=
200604100900 AAXX 10094 67633 42982 60714 10253 20165 48529 86030
                   333 58009 86362=
200604100600 AAXX 10064 67633 12982 60806 10218 20181 48512 60014 86080=
200604091200 AAXX 09124 67633 41682 73606 10268 20191 72588 85208
                   333 59006 85850 86280=
200604060900 AAXX 06094 67633 42682 20906 10274 20155 48544 81130
                   333 58001 81830 81361 91021=
200604060700 AAXX 06074 67633 12982 11206 10205 20163 48541 69934 81030
                   333 10313 20178 58006 81361=
200604050600 AAXX 05064 67633 32982 01009 10203 20167 48535
                   333 10307 20167 58002=
200604041200 AAXX 04124 67633 42682 41205 10293 20152 48527 84200
                   333 59007 84830=
200604040900 AAXX 04094 67633 42980 20512 10263 20150 48550 81031
                   333 59001 81361 82080=

################################################################################
#  SYNOPS from 67655, Mumbwa (Zambia) | 15-04S | 027-11E | 1216 m
################################################################################
200604201200 AAXX 20124 67655 42680 50913 10246 20120 48548 85200
                   333 58011 85830=
200604200600 AAXX 20064 67655 32480 31004 10164 20164 48571 83532
                   333 10251 20122 58010 83610 82360 81080=

################################################################################
#  SYNOPS from 67662, Kabwe Agric (Zambia) | 14-24S | 028-30E | 1165 m
################################################################################
200604201200 AAXX 20124 67662 42780 61209 10268 20152 48/// 86200
                   333 5//// 86850=

################################################################################
#  SYNOPS from 67663, Kabwe (Zambia) | 14-27S | 028-28E | 1206 m
################################################################################
200604281200 AAXX 28124 67663 42680 70303 10231 20135 48544 87800
                   333 58006 85833 86635=
200604260600 AAXX 26064 67663 32480 70805 10187 20169 48546 86530
                   333 10263 20151 58009 86615 84360=
200604241200 AAXX 24124 67663 42680 10906 10293 20110 48521 81102
                   333 58000 81848 81080=
200604111200 AAXX 11124 67663 42680 51505 10269 20168 48511 85230
                   333 59001 85835 82360=
200604110600 AAXX 11064 67663 32980 30903 10189 20167 48522 83032
                   333 10263 20146 58003 83360 81080=
200604100900 AAXX 10094 67663 42580 609// 10232 20158 48526 86800
                   333 58098 81826 86628=
200604100600 AAXX 10064 67663 32980 20310 10205 20157 48521 81032
                   333 10280 20150 58007 81360 82080=
200604050600 AAXX 05064 67663 12380 10908 10192 20159 48539 69904 81630
                   333 10237 20143 59008 81708 81360=

################################################################################
#  SYNOPS from 67665, Lusaka Internationalairport (Zambia) | 15-19S | 028-27E | 1152 m
################################################################################
200605010300 AAXX 01034 67665 42980 11403 10129 20129 48540 80002
                   333 58013 81080 555 90225=
200604302100 AAXX 30214 67665 42980 11303 10153 20153 48542 81030
                   333 59004 81360 555 91022=
200604301800 AAXX 30184 67665 42980 11603 10179 20179 48538 81030
                   333 10273 59010 81360
                   555 91021=
200604300900 AAXX 30094 67665 42580 10709 10225 20180 48559 81100
                   333 59013 81820=
200604291800 AAXX 29184 67665 42780 20902 10168 20168 48546 81230
                   333 10235 59017 81850=
200604291500 AAXX 29154 67665 42680 41109 10220 20182 48544 82230
                   333 59019 82835 83360=
200604291200 AAXX 29124 67665 42580 61109 10220 20187 48550 86500
                   333 59011 86620=
200604290900 AAXX 29094 67665 42680 71009 10191 20184 48568 875//
                   333 59021 87616 Q01024.7=
200604281200 AAXX 28124 67665 42580 70807 10214 20179 48565 8313/
                   333 58002 83822 87360=
200604280900 AAXX 28094 67665 42480 70812 10195 20179 48588 875//
                   333 58005 87615=
200604280600 AAXX 28064 67665 31360 61108 10159 20159 48575 85730
                   333 10219 20121 58010 85708 82360=
200604271800 AAXX 27184 67665 42780 51003 10180 20180 48574 70122 83530
                   333 58013 83635 85360=
200604271500 AAXX 27154 67665 42680 71009 10195 20193 48564 70222 875//
                   333 58018 87635=
200604271200 AAXX 27124 67665 42580 71112 10201 20193 48563 875//
                   333 58012 87625=
200604270900 AAXX 27094 67665 42580 70914 10198 20192 48584 875//
                   333 58011 87622=
200604270600 AAXX 27064 67665 32480 71110 10175 20175 48570 875//
                   333 10276 20138 58008 87618=
200604261800 AAXX 26184 67665 42980 21205 10167 20167 48560 82030
                   333 10276 20168 58023 82360
                   555 91024=
200604261500 AAXX 26154 67665 42680 51108 10222 20207 48550 85230
                   333 58006 85845 81360
                   555 10276 91022=
200604261200 AAXX 26124 67665 42680 70708 10232 20202 48556 875//
                   333 58018 87630=
200604260600 AAXX 26064 67665 32480 70909 10180 20180 48563 86830
                   333 10288 20141 58008 86610 81360=
200604251500 AAXX 25154 67665 42680 20809 10253 20187 48531 82200
                   333 59015 82840 555 10288 91019=
200604250600 AAXX 25064 67665 32980 11103 10194 20187 48555 81030
                   333 10292 20153 58010 81360=
200604250400 AAXX 25044 67665 42980 10000 10154 20154 48533 81030
                   333 58006 81359=
200604241200 AAXX 24124 67665 42680 40807 10284 20210 48538 82102
                   333 58002 82845 83080=
200604240900 AAXX 24094 67665 42680 30708 10272 20168 48558 81102
                   333 58004 81820 83080=
200604240600 AAXX 24064 67665 32980 41202 10183 20183 48545 80002
                   333 10297 20131 58001 84080=
200604231200 AAXX 23124 67665 42680 11103 10282 20159 48539 81100
                   333 59002 81848=
200604230600 AAXX 23064 67665 32980 12702 10174 20174 48542 80002
                   333 10284 20125 59002 81080=
200604220900 AAXX 22094 67665 42580 10242 20198 48558 84500
                   333 59009 84620=
200604220600 AAXX 22064 67665 32980 01201 10180 20180 48545
                   333 10279 20130 59011=
200604211500 AAXX 21154 67665 42680 30708 10246 20187 48537 83100
                   333 59015 83845 91020=
200604211200 AAXX 21124 67665 42580 50909 10244 20199 48538 85100
                   333 59019 85825=
200604210900 AAXX 21094 67665 42580 50809 10233 20203 48569 85500
                   333 59024 85620=
200604210600 AAXX 21064 67665 32480 30806 10172 20172 48554 81130
                   333 20127 555 10265 59021 81812 82360=
200604210400 AAXX 21044 67665 42380 40000 10146 20146 48543 84532
                   333 59015 84607 82359 81080 91022=
200604202100 AAXX 20214 67665 42980 00000 10142 20142 48547
                   333 59012 555 91023=
200604201800 AAXX 20184 67665 42980 01204 10170 20170 48551
                   333 10266 59008=
200604201500 AAXX 20154 67665 42780 31009 10244 20175 48550 83100
                   333 59007 83850=
200604201200 AAXX 20124 67665 42680 50612 10255 20189 48558 85200
                   333 59003 85835=
200604200900 AAXX 20094 67665 42580 50810 10225 20203 48581 85500
                   333 58003 85620=
200604200600 AAXX 20064 67665 32480 31004 10164 20164 48571 83532
                   333 10251 20122 58010 83610 82360 81080=
200604191500 AAXX 19154 67665 42780 31209 10227 20129 48554 81232
                   333 10251 20155 58022 81850 81360 82080=
200604191200 AAXX 19124 67665 42680 41212 10242 20164 48560 83202
                   333 58026 83835 81080=
200604190900 AAXX 19094 67665 42580 40915 10220 20183 48578 84102
                   333 58028 84820 82080=
200604182100 AAXX 18214 67665 42980 11503 10154 20154 48534 80002
                   333 58019 81080=
200604181200 AAXX 18124 67665 42680 41209 10267 20174 48538 84100
                   333 58018 84835=
200604180900 AAXX 18094 67665 42580 21111 10243 20184 48554 81102
                   333 58012 81820 81080 91022=
200604180600 AAXX 18064 67665 32480 11304 10181 20181 48541 81130
                   333 10264 20124 58007 81810 81360=
200604180400 AAXX 18044 67665 42980 11602 10140 20140 48521 81030
                   333 59003 81360=
200604180300 AAXX 18034 67665 42980 10134 20134 48513 81030
                   333 59008 81360=
200604172100 AAXX 17214 67665 42980 21404 10155 20155 48515 82030
                   333 59029 82360=
200604171200 AAXX 17124 67665 42680 31106 10253 20194 48518 70122 83100
                   333 59032 83830 91018=
200604170600 AAXX 17064 67665 32480 11010 10167 20167 48533 81100
                   333 10230 20138 59011 81815=
200604161800 AAXX 16184 67665 42980 10304 10169 20169 48534 81130
                   333 59010 81360=
200604151800 AAXX 15184 67665 42980 21504 10188 20188 48547 82030
                   333 58020 82360 555 91022=
200604150900 AAXX 15094 67665 42580 51009 10245 20238 48576 85102
                   333 58031 85825 81080=
200604150600 AAXX 15064 67665 32480 41006 10197 20197 48562 83532
                   333 10290 20158 58032 83615 81360 81080=
200604141800 AAXX 14184 67665 42980 11403 10198 20198 48529 81030
                   333 10290 58036 81360=
200604141200 AAXX 14124 67665 42580 70705 10278 20234 48527 85202
                   333 58026 85830 87080=
200604140900 AAXX 14094 67665 42580 60707 10257 20223 48544 84202
                   333 58019 84820 86080=
200604131200 AAXX 13124 67665 42680 50908 10266 20216 48501 85200
                   333 59011 85838=
200604130900 AAXX 13094 67665 42580 60809 10247 20218 48527 86200
                   333 59012 86825=
200604130600 AAXX 13064 67665 32980 20000 10188 20188 48512 82002
                   333 10278 20153 59020 82080=
200604120900 AAXX 12094 67665 42580 60812 10239 20222 48538 85232
                   333 59013 85820 83360 82080=
200604120600 AAXX 12064 67665 32980 41204 10187 20187 48530 83031
                   333 10225 20145 58012 83360 83080=
200604111800 AAXX 11184 67665 42980 11302 10188 20188 48516 81030
                   333 59010 81360 91018
                   555 10272=
200604111200 AAXX 11124 67665 42680 40807 10258 20215 48530 83230
                   333 59001 83830 81360=
200604110900 AAXX 11094 67665 42580 50711 10237 20208 48550 85200
                   333 58004 85820=
200604110600 AAXX 11064 67665 32980 21006 10186 20186 48542 82031
                   333 10260 20140 58007 82360=
200604110300 AAXX 11034 67665 42980 21202 10146 20146 48515 82030
                   333 58004 82360 555 91019=
200604101800 AAXX 10184 67665 42680 31103 10192 20192 48525 81131
                   333 58014 81856 82360 83080=
200604101500 AAXX 10154 67665 42680 51007 10244 20209 48520 84231
                   333 58018 84845 82360 81080=
200604101200 AAXX 10124 67665 42680 60809 10253 20200 48530 85230
                   333 58015 85835 82360=
200604100900 AAXX 10094 67665 42580 60812 10228 20213 48545 86500
                   333 58011 86620=
200604091200 AAXX 09124 67665 42680 61110 10268 20211 48516 85202
                   333 58000 85835 81080=
200604090900 AAXX 09094 67665 42580 50811 10246 20217 48538 70322 85100
                   333 59001 85820 555 91020=
200604090600 AAXX 09064 67665 32980 11008 10191 20191 48527 80001
                   333 10277 20144 59003 81080=
200604080900 AAXX 08094 67665 42580 40611 10242 20201 48537 84100
                   333 59018 84820=
200604080600 AAXX 08064 67665 32980 01005 10182 20182 48529
                   333 10272 20140 59022=
200604080400 AAXX 08044 67665 42980 10000 10145 20145 48515 81030
                   333 59022 81359=
200604080300 AAXX 08034 67665 42980 10000 10151 20151 48512 81030
                   333 59018 81360=
200604071200 AAXX 07124 67665 42680 51013 10263 20221 48534 85200
                   333 59016 85840=
200604070600 AAXX 07064 67665 32980 41106 10183 20183 48550 84030
                   333 10269 20148 59007 84360=
200604061800 AAXX 06184 67665 42980 11203 10189 20189 48541 81030
                   333 58002 81360=
200604061500 AAXX 06154 67665 42680 21503 10247 20213 48537 82200
                   333 59002 82845=
200604061200 AAXX 06124 67665 42680 50809 10254 20216 48549 85200
                   333 58003 85835=
200604060900 AAXX 06094 67665 42580 70711 10224 20211 48567 87500
                   333 58006 87625 555 91021=
200604060700 AAXX 06074 67665 32480 21108 1018020180 48557 81130
                   333 10258 20129 58002 81810 81360=
200604060600 AAXX 06064 67665 32480 21108 10180 20180 48557 81130
                   333 10258 20129 58002 81810 81360 91023=
200604051800 AAXX 05184 67665 42780 21504 10178 20178 48537 82030
                   333 10258 59001 82360=
200604051500 AAXX 05154 67665 42680 31006 10246 20186 48539 70122 83230
                   333 59005 83845 81360
                   555 10258 91020=
200604051200 AAXX 05124 67665 42680 60809 10250 20214 48546 86800
                   333 58002 83630 85835=
200604050900 AAXX 05094 67665 42580 70711 10236 20207 48564 87500
                   333 59003 87620=
200604050600 AAXX 05064 67665 32380 70907 10176 20176 48553 867//
                   333 10235 20136 59001 87706=
200604041500 AAXX 04154 67665 42680 61108 10220 20205 48538 84830
                   333 59001 81830 84630 86360=
200604041200 AAXX 04124 67665 42680 71108 10222 20208 48545 87500
                   333 59004 87630 91021=
200604040900 AAXX 04094 67665 42580 70812 10209 20203 48561 87500
                   333 59003 87620=
200604040600 AAXX 04064 67665 32480 61007 10177 20177 48556 86530
                   333 10246 20141 58000 86610 82360=
200604031500 AAXX 03154 67665 42680 41008 10227 20205 48541 82230
                   333 58012 82840 84360=
200604031200 AAXX 03124 67665 42580 70811 10228 20202 48549 878//
                   333 58006 85825 84628=
200604030900 AAXX 03094 67665 42480 60813 10223 20213 48567 86800
                   333 59001 82815 85618=
200604030600 AAXX 03064 67665 11380 71008 10191 20191 48557 60324 70322 83531
                   333 10281 20173 58012 83606 85360 81080=
200604021500 AAXX 02154 67665 41660 41406 10223 20223 48529 72166 81932
                   333 58003 81932 81832 81360 83080=
200604021200 AAXX 02124 67665 41605 70308 10254 20240 48547 76522 872//
                   333 59002 81930 86830=
200604020900 AAXX 02094 67665 42580 60610 20229 48570 86800
                   333 5//// 86620 81822=
200604020600 AAXX 02064 67665 31380 30906 10196 20196 48545 69904 70300 82630
                   333 10//0 20165 59005 81608 81360=
200604020400 AAXX 02044 67665 42380 31502 10182 20182 48545 70500 82531
                   333 59001 81606 81360 83080=
200604020300 AAXX 02034 67665 42680 21102 10179 20179 48490 70200 82031=
200604012100 AAXX 01214 67665 42680 20000 10188 20188 48593 70300 81931=
200604011800 AAXX 01184 67665 42680 31505 10201 20201 48531 70300 81931=
200604011200 AAXX 01124 67665 42580 70607 10240 20226 48547 878//
                   333 58000 86625 84830=
200604010600 AAXX 01064 67665 32380 60908 10185 20185 48550 70322 86500
                   333 10242 20165 59004 86608
                   555 91022=

################################################################################
#  SYNOPS from 67666, Lusaka City Airport (Zambia) | 15-25S | 028-19E | 1280 m
################################################################################
200604230600 AAXX 23064 67666 32980 00905 10204 20158 48541
                   333 10274 20120 5////=
200604201200 AAXX 20124 67666 42680 51212 10252 20140 48542 85200
                   333 59003 85846=
200604060900 AAXX 06094 67666 42580 50910 10216 20162 48549 85800
                   333 59004 85622 84825 91022=

################################################################################
#  SYNOPS from 67673, Petauke (Zambia) | 14-15S | 031-17E | 1035 m
################################################################################
200604281200 AAXX 28124 67673 42680 70908 10247 20152 48565 86205
                   333 59004 86845 85280=
200604230600 AAXX 23064 67673 32984 00306 10226 20164 48551
                   333 10290 20169 59005=
200604201200 AAXX 20124 67673 41684 51407 10246 20144 48556 70128 85130
                   333 58000 85840 81364=
200604060900 AAXX 06094 67673 42684 70907 10275 20189 48565 87230
                   333 59001 81935 87835 81364=

################################################################################
#  SYNOPS from 67731, Senanga (Zambia) | 16-06S | 023-16E | 1027 m
################################################################################
200604060900 AAXX 06094 67731 42584 10901 10277 20193 49041 58015 81500
                   333 81625=

################################################################################
#  SYNOPS from 67743, Livingstone (Zambia) | 17-49S | 025-49E | 985 m
################################################################################
200604270900 AAXX 27094 67743 42480 70809 10217 20173 48582 875//
                   333 58016 87613=
200604261200 AAXX 26124 67743 42580 61208 10260 20177 48544 86202
                   333 58018 86835 84080=
200604240600 AAXX 24064 67743 32980 20902 10193 20166 48553 82030
                   333 10318 20156 58017 82360=
200604230600 AAXX 23064 67743 32980 31302 10199 20152 48529 81041
                   333 10312 20142 59003 81360 82080=
200604220600 AAXX 22064 67743 32980 10402 10200 20152 48523 80001
                   333 10/// 20/// 59011 81080=
200604210600 AAXX 21064 67743 32980 10606 10186 20156 48540 80001
                   333 10290 20135 59031 81080=
200604200600 AAXX 20064 67743 32980 10904 10177 20146 48569 70200 80002
                   333 10284 20134 58008 81080=
200604181200 AAXX 18124 67743 42780 30809 10292 20165 48531 83100
                   333 58010 83856=
200604150900 AAXX 15094 67743 42980 00914 10283 20159 48574
                   333 59031=
200604141200 AAXX 14124 67743 42780 61007 10315 20137 48525
                   333 58026 85860 82080=
200604140900 AAXX 14094 67743 42680 50706 10281 20174 48538 82102
                   333 58025 82840 82080=
200604111200 AAXX 11124 67743 42680 60805 10291 20172 48524 85130
                   333 58000 85845 82360=
200604110900 AAXX 11094 67743 42680 40405 10270 20174 48547 83130
                   333 58004 83840 82360=
200604110600 AAXX 11064 67743 32980 20807 10210 20173 48532 82030
                   333 10281 20162 58004 82360=
200604100900 AAXX 10094 67743 42680 61108 10258 20184 48543 83130
                   333 58004 83830 85360=
200604071200 AAXX 07124 67743 42780 30604 10298 20135 48534 83200
                   333 59015 83856=
200604061200 AAXX 06124 67743 42680 40905 10295 20175 48547 84100
                   333 58002 84845=
200604060700 AAXX 06074 67743 32980 21206 10221 20175 48553 82030
                   333 10300 20163 58000 82360=
200604050900 AAXX 05094 67743 42680 30806 10261 20170 48561 83100
                   333 59005 83830=
200604050600 AAXX 05064 67743 32980 01107 10190 20158 48547
                   333 10289 20143 59006=
200604041200 AAXX 04124 67743 42780 71104 10268 20154 48543 87100
                   333 59002 87850=
200604040900 AAXX 04094 67743 42680 70506 10234 20171 48560 87100
                   333 59006 87632=
200604040600 AAXX 04064 67743 32980 00806 10188 20157 48553
                   333 10305 20152 59002=

################################################################################
#  SYNOPS from 67753, Choma (Zambia) | 16-50S | 027-04E | 1213 m
################################################################################
200604281200 AAXX 28124 67753 42680 50806 10223 20148 85200
                   333 85835=
200604280900 AAXX 28094 67753 42480 80705 10190 20147 48/// 8757/
                   333 5//// 87620 88459=
200604271200 AAXX 27124 67753 41680 70508 10212 20135 48/// 8427/
                   333 5//// 84835 87459=
200604261200 AAXX 26124 67753 42680 70905 10236 20147 48/// 87100
                   333 5//// 87840=
200604260600 AAXX 26064 67753 32480 70905 10174 20115 48/// 875//
                   333 10277 20151 5//// 87610=
200604241200 AAXX 24124 67753 42680 60805 10278 20153 48/// 84202
                   333 84845 82080=
200604230600 AAXX 23064 67753 32980 13605 10184 20148 48/// 80002
                   333 10242 20135 5//// 81080=
200604220600 AAXX 22064 67753 32980 02804 10185 20153 48///
                   333 10262 20130 5////=
200604211200 AAXX 21124 67753 42680 50505 10247 20147 48/// 85100
                   333 5//// 85845=
200604210900 AAXX 21094 67753 42680 50507 10228 20154 48/// 85130
                   333 5//// 85835 82360=
200604210600 AAXX 21064 67753 32480 30906 10188 20156 48/// 83500
                   333 10/// 20/// 5//// 83618=
200604201200 AAXX 20124 67753 42680 40308 10248 20135 48/// 84100
                   333 5//// 84845=
200604200900 AAXX 20094 67753 42680 70807 10215 20144 48/// 87100
                   333 5//// 87835=
200604120900 AAXX 12094 67753 42680 60605 10246 20167 48/// 85108
                   333 5//// 85835 83280=
200604111200 AAXX 11124 67753 42680 60805 10255 20164 48/// 84131
                   333 5//// 84840 83360 86080=
200604110600 AAXX 11064 67753 32980 60603 10179 20164 48/// 85038
                   333 10256 20140 5//// 85360 86280=
200604100900 AAXX 10094 67753 42680 60610 10220 20154 48/// 86130
                   333 5//// 86830 86830 83360=
200604100600 AAXX 10064 67753 32480 30805 10188 20163 48/// 81130
                   333 10270 20143 5//// 81815 83359=
200604071200 AAXX 07124 67753 42680 40905 10261 20161 48/// 84100
                   333 5//// 84840=
200604060900 AAXX 06094 67753 42680 50804 10230 20166 85100
                   333 85830=
200604050600 AAXX 05064 67753 32980 40906 10189 20172 48/// 84040
                   333 10254 20138 5//// 84360=
200604041200 AAXX 04124 67753 42680 30905 10238 20161 48/// 83100
                   333 5//// 83830=
200604040900 AAXX 04094 67753 42580 70305 10215 20169 48/// 86108
                   333 5//// 86820 87280=

################################################################################
#  SYNOPS from 67855, Lupaki (Zambia) | 17-03-00S | 024-46-00E | 1000 m
################################################################################
200605010000 AAXX 01004 67855 NIL=
200604301800 AAXX 30184 67855 NIL=
200604301200 AAXX 30124 67855 NIL=
200604300600 AAXX 30064 67855 NIL=
200604300000 AAXX 30004 67855 NIL=
200604291800 AAXX 29184 67855 NIL=
200604291200 AAXX 29124 67855 NIL=
200604290600 AAXX 29064 67855 NIL=
200604290000 AAXX 29004 67855 NIL=
200604281800 AAXX 28184 67855 NIL=
200604281200 AAXX 28124 67855 NIL=
200604280600 AAXX 28064 67855 32980 20501 10150 20115 3//// 48/// 82030
                   333 20120 5//// 82360=
200604280000 AAXX 28004 67855 NIL=
200604271800 AAXX 27184 67855 NIL=
200604271200 AAXX 27124 67855 NIL=
200604270600 AAXX 27064 67855 12980 80901 10170 20137 3//// 48/// 60034 8807/
                   333 20159 5//// 88460=
200604270000 AAXX 27004 67855 NIL=
200604261800 AAXX 26184 67855 NIL=
200604261200 AAXX 26124 67855 NIL=
200604260600 AAXX 26064 67855 NIL=
200604260000 AAXX 26004 67855 NIL=
200604251800 AAXX 25184 67855 NIL=
200604251200 AAXX 25124 67855 NIL=
200604250600 AAXX 25064 67855 11970 61801 10209 20168 3//// 48/// 69904 70522 86030
                   333 20174 5//// 86360=
200604250000 AAXX 25004 67855 NIL=
200604241800 AAXX 24184 67855 NIL=
200604241200 AAXX 24124 67855 NIL=
200604240600 AAXX 24064 67855 NIL=
200604240000 AAXX 24004 67855 NIL=
200604231800 AAXX 23184 67855 NIL=
200604231200 AAXX 23124 67855 NIL=
200604230600 AAXX 23064 67855 NIL=
200604230000 AAXX 23004 67855 NIL=
200604221800 AAXX 22184 67855 NIL=
200604221200 AAXX 22124 67855 NIL=
200604220600 AAXX 22064 67855 NIL=
200604220000 AAXX 22004 67855 NIL=
200604211800 AAXX 21184 67855 NIL=
200604211200 AAXX 21124 67855 NIL=
200604210600 AAXX 21064 67855 32980 70902 10186 20153 3//// 48/// 80002
                   333 20125 5//// 87080=
200604210000 AAXX 21004 67855 NIL=
200604201800 AAXX 20184 67855 NIL=
200604201200 AAXX 20124 67855 NIL=
200604200600 AAXX 20064 67855 31580 60901 10160 20144 3//// 48/// 70341 81132
                   333 20119 5//// 81820 85360=
200604200000 AAXX 20004 67855 NIL=
200604191800 AAXX 19184 67855 NIL=
200604191200 AAXX 19124 67855 NIL=
200604190600 AAXX 19064 67855 31970 01501 10174 20139 3//// 48/// 70500
                   333 20100 5////=
200604190000 AAXX 19004 67855 NIL=
200604181800 AAXX 18184 67855 NIL=
200604181200 AAXX 18124 67855 NIL=
200604180600 AAXX 18064 67855 NIL=
200604180000 AAXX 18004 67855 NIL=
200604171800 AAXX 17184 67855 NIL=
200604171200 AAXX 17124 67855 NIL=
200604170600 AAXX 17064 67855 NIL=
200604170000 AAXX 17004 67855 NIL=
200604161800 AAXX 16184 67855 NIL=
200604161200 AAXX 16124 67855 NIL=
200604160600 AAXX 16064 67855 NIL=
200604160000 AAXX 16004 67855 NIL=
200604151800 AAXX 15184 67855 NIL=
200604151200 AAXX 15124 67855 NIL=
200604150600 AAXX 15064 67855 NIL=
200604150000 AAXX 15004 67855 NIL=
200604141800 AAXX 14184 67855 NIL=
200604141200 AAXX 14124 67855 NIL=
200604140600 AAXX 14064 67855 NIL=
200604140000 AAXX 14004 67855 NIL=
200604131800 AAXX 13184 67855 NIL=
200604131200 AAXX 13124 67855 NIL=
200604130600 AAXX 13064 67855 31970 11701 10156 20141 3//// 48/// 70500 80001
                   333 20115 5//// 81080=
200604130000 AAXX 13004 67855 NIL=
200604121800 AAXX 12184 67855 NIL=
200604121200 AAXX 12124 67855 NIL=
200604120600 AAXX 12064 67855 11980 00000 10162 20156 3//// 48/// 69914 70500
                   333 20133 5//// 81360=
200604120000 AAXX 12004 67855 NIL=
200604111800 AAXX 11184 67855 NIL=
200604111200 AAXX 11124 67855 NIL=
200604110600 AAXX 11064 67855 32980 30901 10169 20146 3//// 48/// 83030
                   333 20133 5//// 83360=
200604110000 AAXX 11004 67855 NIL=
200604101800 AAXX 10184 67855 NIL=
200604101200 AAXX 10124 67855 NIL=
200604100600 AAXX 10064 67855 32980 71201 10170 20144 3//// 48/// 87030
                   333 20140 5//// 87360=
200604100000 AAXX 10004 67855 NIL=
200604091800 AAXX 09184 67855 NIL=
200604091200 AAXX 09124 67855 NIL=
200604090600 AAXX 09064 67855 NIL=
200604090000 AAXX 09004 67855 NIL=
200604081800 AAXX 08184 67855 NIL=
200604081200 AAXX 08124 67855 NIL=
200604080600 AAXX 08064 67855 NIL=
200604080000 AAXX 08004 67855 NIL=
200604071800 AAXX 07184 67855 NIL=
200604071200 AAXX 07124 67855 NIL=
200604070600 AAXX 07064 67855 32980 00000 10147 20121 3//// 48///
                   333 20102 5////=
200604070000 AAXX 07004 67855 NIL=
200604061800 AAXX 06184 67855 NIL=
200604061200 AAXX 06124 67855 NIL=
200604060600 AAXX 06064 67855 32980 40000 10164 20146 3//// 48/// 84030
                   333 20124 5//// 84360=
200604060000 AAXX 06004 67855 NIL=
200604051800 AAXX 05184 67855 NIL=
200604051200 AAXX 05124 67855 NIL=
200604050600 AAXX 05064 67855 32980 00000 10164 20146 3//// 48///
                   333 20124 5////=
200604050000 AAXX 05004 67855 NIL=
200604041800 AAXX 04184 67855 NIL=
200604041200 AAXX 04124 67855 NIL=
200604040600 AAXX 04064 67855 32980 01001 10159 20126 3//// 48///
                   333 20114 5////=
200604040000 AAXX 04004 67855 NIL=
200604031800 AAXX 03184 67855 NIL=
200604031200 AAXX 03124 67855 NIL=
200604030600 AAXX 03064 67855 32980 01901 10160 20126 3//// 48///
                   333 20114 5////=
200604030000 AAXX 03004 67855 NIL=
200604021800 AAXX 02184 67855 NIL=
200604021200 AAXX 02124 67855 NIL=
200604020600 AAXX 02064 67855 NIL=
200604020000 AAXX 02004 67855 NIL=
200604011800 AAXX 01184 67855 NIL=
200604011200 AAXX 01124 67855 NIL=
200604010600 AAXX 01064 67855 NIL=
