################################################################################
# Query made at 04/17/2022 11:42:38 UTC
# Country like Zamb*
# Time interval: from 02/01/2007 05:30  to 03/03/2007 05:30  UTC
################################################################################

################################################################################
#  SYNOPS from 67665, Lusaka Internationalairport (Zambia) | 15-19S | 028-27E | 1152 m
################################################################################
200703030400 AAXX 03044 67665 41902 40000 10205 20205 48520 74642 83032
                   333 58004 83360 83080=
200703021500 AAXX 02154 67665 41660 63009 10217 20217 48502 71796 82932
                   333 58011 82935 83709 83359 81080=
200703021200 AAXX 02124 67665 42680 51105 10278 20230 48506 85230
                   333 58001 85835 81360=
200703020900 AAXX 02094 67665 42580 61402 10247 20233 48532 86530
                   333 58014 86620 84360 91019=
200703020600 AAXX 02064 67665 11358 70302 10224 20224 48532 60144 74044 877//
                   333 10256 20165 58017 87706=
200703011800 AAXX 01184 67665 42980 12802 10196 20196 48500 81030
                   333 10240 58007 81360=
200703011500 AAXX 01154 67665 42580 70000 10229 20229 48491 82972
                   333 58011 82925 83830 84360 86080=
200703011200 AAXX 01124 67665 41470 73408 10210 20210 48498 71599 8297/
                   333 58013 82912 86520 84360=
200703010600 AAXX 01064 67665 12375 70405 10208 20208 48513 60074 87830
                   333 10264 20186 58006 86709 81820 86359=
200703010000 AAXX 01004 67665 42580 70000 10206 20206 48499 72166 8423/
                   333 58004 84825 86359=
200702281800 AAXX 28184 67665 42380 60203 10207 20207 48495 8163/
                   333 10264 59004 81608 86360=
200702281500 AAXX 28154 67665 41680 63206 10215 20215 48480 71522 82232
                   333 58000 81940 81840 83360=
200702281200 AAXX 28124 67665 41680 60703 10235 20222 48487 72166 85232
                   333 59007 85830 83360 82080=
200702280900 AAXX 28094 67665 41475 73610 10217 20217 48512 70522 8757/
                   333 58007 87615 87459 91017=
200702280600 AAXX 28064 67665 12459 70804 10184 20184 48505 60184 72522 8467/
                   333 58006 84707 87459=
200702280300 AAXX 28034 67665 42980 60000 10181 20181 48486 70222 8607/
                   333 58002 86459=
200702272100 AAXX 27214 67665 41660 70302 10193 20193 48508 72166 8197/
                   333 58012 81940 82706 87459=
200702271500 AAXX 27154 67665 41360 70104 10207 20207 48479 72166 8194/
                   333 58002 81940 82709 87459=
200702271200 AAXX 27124 67665 41355 80603 10199 20199 48491 76366 8374/
                   333 58019 83707 819// 87459=
200702270900 AAXX 27094 67665 42580 60608 10221 20221 48553 84130
                   333 58006 84820 86360 91017=
200702270600 AAXX 27064 67665 11359 70708 10207 20207 48502 60054 76166 8467/
                   333 10276 20183 59001 84709 87459
                   555 91016=
200702260900 AAXX 26094 67665 42680 62607 10250 20239 48507 85230
                   333 59006 85830 82830 82360 91016=
200702251800 AAXX 25184 67665 42580 73004 10207 20207 48495 8463/
                   333 59009 84622 85360=
200702250600 AAXX 25064 67665 11380 72403 10195 20195 48507 75022 84631
                   333 10236 20189 58011 84608 85360 82080=
200702250400 AAXX 25044 67665 42380 73202 10193 20193 48499 8463/
                   333 58012 84606 85360=
200702250300 AAXX 25034 67665 42380 63002 10191 20191 48496 81631
                   333 58013 81605 84360 83080=
200702250000 AAXX 25004 67665 41958 60000 10194 20194 48493 76162 8603/
                   333 58008 86359=
200702242100 AAXX 24214 67665 42980 50000 10195 20195 48450 84031
                   333 59002 84360 83080=
200702241800 AAXX 24184 67665 42670 71903 10195 20195 48483 8357/
                   333 10234 58011 83630 85359=
200702241200 AAXX 24124 67665 41570 71106 10213 20213 48587 71662 8557/
                   333 58001 85622 86460=
200702240900 AAXX 24094 67665 42580 71210 10221 20221 48505 71522 8557/
                   333 59007 85625 84459 91017=
200702240600 AAXX 24064 67665 12380 71506 10201 20201 48497 60034 82632
                   333 10309 20160 59010 82709 83360 85080=
200702240400 AAXX 24044 67665 42480 61003 10172 20172 48485 81930
                   333 59012 819// 81610 85359=
200702240300 AAXX 24034 67665 42480 50304 10179 20179 48483 81530
                   333 59012 81610 84359=
200702232100 AAXX 23214 67665 41760 72005 10195 20195 48493 71796 81932
                   333 59011 81950 85359 82080=
200702231800 AAXX 23184 67665 42780 50000 10231 20217 48471 81932 59025 81956 82360 83080=
200702231500 AAXX 23154 67665 42780 61809 10283 20212 48476 84102
                   333 59020 84845 83080
                   555 10309 91012=
200702231200 AAXX 23124 67665 42580 61711 10292 20223 48495 85102
                   333 59017 85830 82080=
200702230900 AAXX 23094 67665 42580 61909 10276 20244 48519 85202
                   333 59014 85825 81080 91017=
200702230600 AAXX 23064 67665 32980 52310 10230 20230 48510 83032
                   333 10301 20198 59024 83359 84080=
200702230400 AAXX 23044 67665 42980 62406 10206 20206 48500 83032
                   333 59016 83359 85080=
200702230300 AAXX 23034 67665 42980 52504 10196 20196 48495 83032
                   333 59013 83359 84080=
200702221200 AAXX 22124 67665 42880 42511 10277 20236 48511 83232
                   333 58016 83840 81360 81080=
200702220600 AAXX 22064 67665 31360 73009 10201 20201 48529 70522 83732
                   333 10301 20186 58020 83705 81360 87080=
200702211500 AAXX 21154 67665 41680 51110 10281 20254 48481 71522 81932
                   333 59005 81945 83360 83080=
200702211200 AAXX 21124 67665 42680 60902 10283 20234 48495 86202
                   333 58000 86540 83080=
200702210600 AAXX 21064 67665 32980 41701 10223 20223 48512 81032
                   333 10285 20169 58001 81360 84080=
200702201800 AAXX 20184 67665 42980 61004 10207 20207 48490 83032
                   333 10285 58000 83360 86280=
200702201500 AAXX 20154 67665 42680 61409 10251 20244 48482 70222 82232
                   333 59001 82849 82360 85080=
200702201200 AAXX 20124 67665 42680 50303 10265 20230 48493 84232
                   333 59010 84840 84360 85080 91015=
200702200900 AAXX 20094 67665 41580 72103 10213 20213 48511 76162 82230
                   333 59005 81820 86360=
200702200300 AAXX 20034 67665 42980 20000 10176 20176 48492 70222 82030
                   333 5//// 82360=
200702192100 AAXX 19214 67665 42780 32303 10198 20198 48502 70222 81932
                   333 5//// 81956 81360 81080=
200702191200 AAXX 19124 67665 42680 60801 10275 20218 48504 86202
                   333 59010 86835 82080=
200702181500 AAXX 18154 67665 42680 61407 10250 20222 48500 81930
                   333 58006 81948 83850 86360=
200702181200 AAXX 18124 67665 42680 60707 10265 20215 48512 85230
                   333 58008 85835 81360=
200702180900 AAXX 18094 67665 42580 60814 10246 20213 48531 86830
                   333 58006 84825 83627 81360=
200702160600 AAXX 16064 67665 31960 31104 10205 20205 48529 72844 83030
                   333 10286 20176 59010 83360=
200702160400 AAXX 16044 67665 41959 50000 10180 20180 48511 74100 85030
                   333 58013 85360=
200702160300 AAXX 16034 67665 42480 10000 10168 20168 48509 81530
                   333 59007 81610 81360=
200702152100 AAXX 15214 67665 42980 11402 10184 20184 48525 81030
                   333 58004 81360=
200702151800 AAXX 15184 67665 42980 11006 10218 20218 48512 81030
                   333 10286 59003 81360=
200702151500 AAXX 15154 67665 42680 41106 10244 20199 48501 84231
                   333 59035 84840 81360 82080=
200702151200 AAXX 15124 67665 42680 53507 10270 20219 48522 84210
                   333 58015 84835 81360=
200702120900 AAXX 12094 67665 42580 73206 10248 20248 48484 85832
                   333 59011 85820 81622 83360 81080=
200702120600 AAXX 12064 67665 32480 72908 10216 20216 48486 8557/
                   333 10308 20204 59023 85610 87360=
200702111500 AAXX 11154 67665 42780 63008 10274 20239 48464 82232
                   333 59017 82850 84360 81080=
200702111200 AAXX 11124 67665 42680 52911 10286 20230 48478 84202
                   333 59022 84840 82080=
200702110900 AAXX 11094 67665 42680 63013 10271 20234 48498 84202
                   333 59021 84825 86080=
200702110600 AAXX 11064 67665 42580 53008 10218 20218 48450 81132
                   333 10302 20175 59012 81815 83360 83080=
200702110400 AAXX 11044 67665 42980 43003 10195 20195 48489 82031
                   333 59023 82360 82080=
200702110300 AAXX 11034 67665 42980 22803 10192 20192 48483 82031
                   333 59027 81360 81080=
200702102100 AAXX 10214 67665 42680 42804 10217 20217 48494 81932
                   333 59035 81940 82360 84080=
200702101800 AAXX 10184 67665 42780 52403 10235 20235 48487 81803
                   333 59004 81950 81856 85080=
200702101500 AAXX 10154 67665 42680 62509 10273 20239 48481 81932
                   333 58004 81940 83245 82360 86080=
200702101200 AAXX 10124 67665 42680 62611 10274 20247 48498 85232
                   333 59006 85830 84360 83080=
200702100600 AAXX 10064 67665 11480 52913 10210 20210 48514 60074 72562 81632
                   333 10306 20//0 59008 81615 85360 81080=
200702090900 AAXX 09094 67665 42580 32906 10263 20229 48522 82101
                   333 59010 82825 83080=
200702090600 AAXX 09064 67665 11358 12905 10210 20210 48522 60054 70540 81601
                   333 10304 20191 59008 81609 83080=
200702090400 AAXX 09044 67665 41358 12802 10213 20213 48515 74210 81630
                   333 59004 81605 81360=
200702090000 AAXX 09004 67665 42980 60000 10222 20222 48510 86030
                   333 59014 86360=
200702082100 AAXX 08214 67665 42980 40000 10213 20213 48522 84030
                   333 58000 84360=
200702081800 AAXX 08184 67665 41580 60604 10217 20217 48515 79595 8297/
                   333 10304 58005 81930 85459=
200702080900 AAXX 08094 67665 42575 50310 10266 20239 48531 84831
                   333 58010 84825 81627 82360 81079 91019=
200702080600 AAXX 08064 67665 12380 60604 10213 20213 48530 60054 82630
                   333 20196 555 10288 58013 82707 86360=
200702080400 AAXX 08044 67665 42380 70805 10199 20199 48518 8163/
                   333 58009 81706 87360=
200702080300 AAXX 08034 67665 42480 60000 10196 20196 48513 81530
                   333 58000 81610 85360=
200702072100 AAXX 07214 67665 42680 71702 10211 20211 48522 8193/
                   333 58000 81940 87360=
200702071200 AAXX 07124 67665 41565 70315 10230 20230 48492 71792 8294/
                   333 58004 81920 82825 87459=
200702070600 AAXX 07064 67665 12970 70000 10204 20204 48516 60374 87070
                   333 10290 20//0 58003 87460=
200702070400 AAXX 07044 67665 41959 70000 10201 20201 48509 74026 87070
                   333 58002 87459=
200702061500 AAXX 06154 67665 42780 51008 10263 20238 48482 83230
                   333 59006 81950 83850 83360=
200702061200 AAXX 06124 67665 42680 63106 10278 20225 48502 83232
                   333 58004 83835 83360 81080=
200702060600 AAXX 06064 67665 11380 70603 10196 20196 48513 60074 72162 8277/
                   333 10274 20185 59005 82706 87460=
200702051800 AAXX 05184 67665 41780 71204 10205 20205 48496 71322 8193/
                   333 10274 59009 81950 86360=
200702051200 AAXX 05124 67665 42580 70803 10260 20232 48495 82932
                   333 59012 84828 81360 86080=
200702050900 AAXX 05094 67665 42480 70305 10246 20236 48519 85530
                   333 59007 85612 84360=
200702041800 AAXX 04184 67665 42980 70000 10210 20210 48504 8703/
                   333 10261 59003 87360=
200702041500 AAXX 04154 67665 41580 61405 10213 20213 48498 71799 8593/
                   333 58000 81925 84825 85360=
200702041200 AAXX 04124 67665 42580 60406 10241 20234 48505 85830
                   333 59009 84825 82628 91016=
200702040900 AAXX 04094 67665 41470 70308 10223 20223 48523 78055 8583/
                   333 59005 82817 85617 84359=
200702031800 AAXX 03184 67665 42580 61003 10196 20196 48506 81530
                   333 10236 58005 81625 86360=
200702031200 AAXX 03124 67665 42370 81013 10222 20222 48511 885//
                   333 58008 82709 87612=
200702022100 AAXX 02214 67665 41380 71106 10211 20211 48529 76122 87460=
200702021200 AAXX 02124 67665 41460 70603 10236 20236 48505 71566 8657/
                   333 58008 86615 87460=
200702011500 AAXX 01154 67665 42580 71104 10240 20240 48424 71522 85272
                   333 59005 85835 83360=
200702010600 AAXX 01064 67665 11356 80703 10215 20215 48518 76362 8567/
                   333 10269 20190 58000 85705 87360=

################################################################################
#  SYNOPS from 67743, Livingstone (Zambia) | 17-49S | 025-49E | 985 m
################################################################################
200703011500 AAXX 01154 67743 42780 40805 10295 20182 48469 84201
                   333 58001 84850 81080=
200702231200 AAXX 23124 67743 42780 61203 10323 20176 48503 84101
                   333 58011 84856 84080=
200702211500 AAXX 21154 67743 42680 73609 10240 20218 48466 82304
                   333 59001 82948 84848 84080=

################################################################################
#  SYNOPS from 67855, Lupaki (Zambia) | 17-03-00S | 024-46-00E | 1000 m
################################################################################
200703030000 AAXX 03004 67855 NIL=
200703021800 AAXX 02184 67855 NIL=
200703021200 AAXX 02124 67855 NIL=
200703020600 AAXX 02064 67855 32980 00701 10200 20168 3//// 48///
                   333 20165 5////=
200703020000 AAXX 02004 67855 NIL=
200703011800 AAXX 01184 67855 NIL=
200703011200 AAXX 01124 67855 NIL=
200703010600 AAXX 01064 67855 32980 00901 10197 20164 3//// 48///
                   333 20160 5////=
200703010000 AAXX 01004 67855 NIL=
200702281800 AAXX 28184 67855 NIL=
200702281200 AAXX 28124 67855 NIL=
200702280600 AAXX 28064 67855 12980 31801 10179 20163 3//// 48/// 69904 81031
                   333 20145 5//// 81360=
200702280000 AAXX 28004 67855 NIL=
200702271800 AAXX 27184 67855 NIL=
200702271200 AAXX 27124 67855 NIL=
200702270600 AAXX 27064 67855 12580 70501 10212 20182 3//// 48/// 60374 82172
                   333 20183 5//// 82820 87460=
200702270000 AAXX 27004 67855 NIL=
200702261800 AAXX 26184 67855 NIL=
200702261200 AAXX 26124 67855 NIL=
200702260600 AAXX 26064 67855 32980 70000 10222 20185 3//// 48/// 86032
                   333 20150 5//// 86360 87080=
200702260000 AAXX 26004 67855 NIL=
200702251800 AAXX 25184 67855 NIL=
200702251200 AAXX 25124 67855 NIL=
200702250600 AAXX 25064 67855 NIL=
200702250000 AAXX 25004 67855 NIL=
200702241800 AAXX 24184 67855 NIL=
200702241200 AAXX 24124 67855 NIL=
200702240600 AAXX 24064 67855 NIL=
200702240000 AAXX 24004 67855 NIL=
200702231800 AAXX 23184 67855 NIL=
200702231200 AAXX 23124 67855 NIL=
200702230600 AAXX 23064 67855 NIL=
200702230000 AAXX 23004 67855 NIL=
200702221800 AAXX 22184 67855 NIL=
200702221200 AAXX 22124 67855 NIL=
200702220600 AAXX 22064 67855 32980 70000 10192 20156 3//// 48/// 81032
                   333 20152 5//// 81360 87080=
200702220000 AAXX 22004 67855 NIL=
200702211800 AAXX 21184 67855 NIL=
200702211200 AAXX 21124 67855 NIL=
200702210600 AAXX 21064 67855 12380 70501 10203 20191 3//// 48/// 69994 81632
                   333 20171 5//// 81707 87080=
200702210000 AAXX 21004 67855 NIL=
200702201800 AAXX 20184 67855 NIL=
200702201200 AAXX 20124 67855 NIL=
200702200600 AAXX 20064 67855 11980 70000 10208 20194 3//// 48/// 60024 70262 87072
                   333 20180 5//// 87460=
200702200000 AAXX 20004 67855 NIL=
200702191800 AAXX 19184 67855 NIL=
200702191200 AAXX 19124 67855 NIL=
200702190600 AAXX 19064 67855 NIL=
200702190000 AAXX 19004 67855 NIL=
200702181800 AAXX 18184 67855 NIL=
200702181200 AAXX 18124 67855 NIL=
200702180600 AAXX 18064 67855 NIL=
200702180000 AAXX 18004 67855 NIL=
200702171800 AAXX 17184 67855 NIL=
200702171200 AAXX 17124 67855 NIL=
200702170600 AAXX 17064 67855 NIL=
200702170000 AAXX 17004 67855 NIL=
200702161800 AAXX 16184 67855 NIL=
200702161200 AAXX 16124 67855 NIL=
200702160600 AAXX 16064 67855 12980 60000 10198 20186 3//// 48/// 60034 80001
                   333 20174 5//// 86080=
200702160000 AAXX 16004 67855 NIL=
200702151800 AAXX 15184 67855 NIL=
200702151200 AAXX 15124 67855 NIL=
200702150600 AAXX 15064 67855 12980 70201 10208 20168 3//// 48/// 69904 87030
                   333 20180 5//// 87360=
200702150000 AAXX 15004 67855 NIL=
200702141800 AAXX 14184 67855 NIL=
200702141200 AAXX 14124 67855 NIL=
200702140600 AAXX 14064 67855 32980 30701 10214 20172 3//// 48/// 81032
                   333 20180 5//// 81360 83080=
200702140000 AAXX 14004 67855 NIL=
200702131800 AAXX 13184 67855 NIL=
200702131200 AAXX 13124 67855 NIL=
200702130600 AAXX 13064 67855 32980 70000 10185 20149 3//// 48/// 80002
                   333 20152 5//// 87080=
200702130000 AAXX 13004 67855 NIL=
200702121800 AAXX 12184 67855 NIL=
200702121200 AAXX 12124 67855 NIL=
200702120600 AAXX 12064 67855 11480 72801 10208 20202 3//// 48/// 60354 70362 8757/
                   333 20195 5//// 87615=
200702120000 AAXX 12004 67855 NIL=
200702111800 AAXX 11184 67855 NIL=
200702111200 AAXX 11124 67855 NIL=
200702110600 AAXX 11064 67855 NIL=
200702110000 AAXX 11004 67855 NIL=
200702101800 AAXX 10184 67855 NIL=
200702101200 AAXX 10124 67855 NIL=
200702100600 AAXX 10064 67855 NIL=
200702100000 AAXX 10004 67855 NIL=
200702091800 AAXX 09184 67855 NIL=
200702090600 AAXX 09064 67855 11980 80501 10222 20212 3//// 48/// 60034 76062 8807/
                   333 20206 5//// 88460=
200702090000 AAXX 09004 67855 NIL=
200702081800 AAXX 08184 67855 NIL=
200702081200 AAXX 08124 67855 NIL=
200702080600 AAXX 08064 67855 11980 71701 10226 20213 3//// 48/// 60164 70162 87070
                   333 20198 5//// 87460=
200702080000 AAXX 08004 67855 NIL=
200702071800 AAXX 07184 67855 NIL=
200702071200 AAXX 07124 67855 NIL=
200702070600 AAXX 07064 67855 32980 70000 10234 20193 3//// 48/// 87030
                   333 20210 5//// 87360=
200702070000 AAXX 07004 67855 NIL=
200702061800 AAXX 06184 67855 NIL=
200702061200 AAXX 06124 67855 NIL=
200702060600 AAXX 06064 67855 32580 33601 10232 20201 3//// 48/// 81132
                   333 20186 5//// 81820=
200702060000 AAXX 06004 67855 NIL=
200702051800 AAXX 05184 67855 NIL=
200702051200 AAXX 05124 67855 NIL=
200702050600 AAXX 05064 67855 NIL=
200702050000 AAXX 05004 67855 NIL=
200702041800 AAXX 04184 67855 NIL=
200702041200 AAXX 04124 67855 NIL=
200702040600 AAXX 04064 67855 NIL=
200702040000 AAXX 04004 67855 NIL=
200702031800 AAXX 03184 67855 NIL=
200702031200 AAXX 03124 67855 NIL=
200702030600 AAXX 03064 67855 NIL=
200702030000 AAXX 03004 67855 NIL=
200702021800 AAXX 02184 67855 NIL=
200702021200 AAXX 02124 67855 NIL=
200702020600 AAXX 02064 67855 NIL=
200702020000 AAXX 02004 67855 NIL=
200702011800 AAXX 01184 67855 NIL=
200702011200 AAXX 01124 67855 NIL=
200702010600 AAXX 01064 67855 12980 70701 10236 20169 3//// 48/// 69904 87030
                   333 20202 5//// 87360=
