################################################################################
# Query made at 04/14/2022 02:49:49 UTC
# Country like Zamb*
# Time interval: from 04/01/2018 05:30  to 05/01/2018 06:30  UTC
################################################################################

################################################################################
#  SYNOPS from 67403, Kawambwa (Zambia) | 09-48S | 029-05E | 1323 m
################################################################################
201804301200 AAXX 30124 67403 NIL=
201804270600 AAXX 27064 67403 32980 10907 10194 20137 48526 81030
                   333 10280 20152 59001 81360
                   555 00149=
201804250600 AAXX 25064 67403 31975 00903 10178 20123 48530 70500
                   333 10284 20140 58000
                   555 00117=
201804230600 AAXX 23064 67403 32980 20901 10188 20152 48531 80001
                   333 10288 20154 58013 82080
                   555 00124=
201804201200 AAXX 20124 67403 NIL=
201804180600 AAXX 18064 67403 12980 70905 10182 20167 48541 60034 87030
                   333 10288 20177 58008 87360
                   555 00164=
201804170600 AAXX 17064 67403 11480 41405 10190 20162 48533 60054 70300 81531
                   333 10288 20164 59004 81610 81360 84080
                   555 00144=
201804120600 AAXX 12064 67403 11480 80902 10193 20184 48505 60734 70362 8253/
                   333 10304 20186 59005 82610 87360
                   555 00164=
201804091200 AAXX 09124 67403 NIL=
201804090600 AAXX 09064 67403 12980 30902 10205 20176 48519 60014 83031
                   333 10288 20168 58004 83360 81080
                   555 00152=
201804040600 AAXX 04064 67403 11480 70901 10202 20187 48511 60574 70342 8253/
                   333 10272 20180 58018 82610 87360
                   555 00166=

################################################################################
#  SYNOPS from 67413, Mbala (Zambia) | 08-51S | 031-20E | 1673 m
################################################################################
201804301200 AAXX 30124 67413 NIL=
201804270600 AAXX 27064 67413 32980 20910 10190 20141 48544 81042
                   333 10250 20070 59001 81359 81080
                   555 00070=
201804250600 AAXX 25064 67413 32980 00908 10175 20124 48546
                   333 1//// 20062 5////
                   555 00062=
201804201200 AAXX 20124 67413 NIL=
201804170600 AAXX 17064 67413 32480 41008 10190 20159 48549 82540
                   333 10255 20098 59007 81815 81618 82359
                   555 00098 91025=
201804091200 AAXX 09124 67413 NIL=
201804090600 AAXX 09064 67413 NIL=

################################################################################
#  SYNOPS from 67441, Mwinilunga (Zambia) | 11-45S | 024-26E | 1361 m
################################################################################
201804301200 AAXX 30124 67441 NIL=
201804201200 AAXX 20124 67441 NIL=
201804091200 AAXX 09124 67441 NIL=
201804090600 AAXX 09064 67441 NIL=

################################################################################
#  SYNOPS from 67461, Mansa (Zambia) | 11-06S | 028-51E | 1382 m
################################################################################
201804301200 AAXX 30124 67461 NIL=
201804270600 AAXX 27064 67461 32980 00802 10187 20149 48535
                   333 10268 20104 58004 91020=
201804260600 AAXX 26064 67461 32980 01210 10172 20133 48530
                   333 10260 20111 58001 91020=
201804250600 AAXX 25064 67461 32980 01506 10179 20139 48529
                   333 10270 20101 58002 91020=
201804240600 AAXX 24064 67461 32980 40906 10202 20158 48530 84031
                   333 10280 20158 58000 84360 81080 91020=
201804230600 AAXX 23064 67461 32980 10000 10200 20168 48530 80001
                   333 10282 20112 58009 81080 91020=
201804201200 AAXX 20124 67461 42780 50802 10275 20136 48518 85200
                   333 58011 85850 91017=
201804171200 AAXX 17124 67461 42680 71204 10258 20155 48531 85208
                   333 58013 85840 87280 91019=
201804170600 AAXX 17064 67461 32480 60803 10188 20161 48540 81538
                   333 10278 20149 58012 85280 91021=
201804160600 AAXX 16064 67461 32580 71102 10195 20188 48540 70222 81530
                   333 10293 20180 58001 81625 87360 91021=
201804120600 AAXX 12064 67461 12480 71509 10208 20193 48511 60024 8157/
                   333 10281 20172 59005 81618 87360 91017=
201804091200 AAXX 09124 67461 42680 70802 10264 20169 48499 85231
                   333 59001 85843 83360 83080 91016=
201804090600 AAXX 09064 67461 32580 70802 10206 20193 48523 83531
                   333 10281 20169 58004 83620 85360 83080 91019=
201804060600 AAXX 06064 67461 12360 72602 10183 20175 48513 60404 8367/
                   333 10287 20162 58015 83708 87460 91018=
201804050600 AAXX 05064 67461 12580 61702 10214 20180 48501 60154 81530
                   333 10264 20170 59014 81620 86360 91016=
201804040600 AAXX 04064 67461 12480 70000 10196 20184 48514 60134 8157/
                   333 10267 20173 58012 81512 87460 91018=

################################################################################
#  SYNOPS from 67469, Samfya (Zambia) | 11-22S | 029-54E | 1171 m
################################################################################
201804301200 AAXX 30124 67469 NIL=
201804300600 AAXX 30064 67469 32480 21107 10220 20070 48/// 82100
                   333 10255 20152 5//// 82818=
201804201200 AAXX 20124 67469 NIL=
201804200600 AAXX 20064 67469 32580 31106 10241 20080 48/// 82132
                   333 10265 20181 5//// 82813 81360 81080=
201804180600 AAXX 18064 67469 32480 61307 10210 20180 48/// 83132
                   333 10244 20183 5//// 83813 82360 81080=
201804170600 AAXX 17064 67469 12480 41106 10200 20180 48/// 60094 82132
                   333 10263 20180 5//// 82813 81360 81080=
201804130600 AAXX 13064 67469 11380 80903 10200 20200 48/// 61014 8374/
                   333 10271 20170 5//// 83706 83609 87460=
201804120600 AAXX 12064 67469 32480 61108 10227 20110 48/// 84132
                   333 10258 20210 5//// 84813 82360 81080=
201804100600 AAXX 10064 67469 12380 71406 10210 20210 48/// 62124 8464/
                   333 10269 20175 5//// 84706 82815 87460=
201804091200 AAXX 09124 67469 NIL=
201804090600 AAXX 09064 67469 12480 71208 10226 29190 48/// 60134 8313/
                   333 10270 20180 5//// 83813 87360=
201804060600 AAXX 06064 67469 12480 63005 10220 20190 48/// 60204 83132
                   333 10264 20170 5//// 83818 82360 81080=
201804050600 AAXX 05064 67469 11280 70907 10220 20150 48/// 60084 82632
                   333 10256 20185 5//// 82706 82815 82360 81080=

################################################################################
#  SYNOPS from 67475, Kasama (Zambia) | 10-13S | 031-08E | 1382 m
################################################################################
201804301200 AAXX 30124 67475 42660 41611 10265 20144 48526 70322 84131
                   333 58004 84845 82360 82080 91020=
201804270600 AAXX 27064 67475 32960 10803 10194 20143 48541 70211 81360
                   333 10262 20120 58002 91022=
201804230600 AAXX 23064 67475 32560 30301 10202 20167 48542 70311 81101
                   333 10291 20137 58008 81820 81080 91022=
201804201200 AAXX 20124 67475 NIL=
201804200600 AAXX 20064 67475 32480 51005 10196 20184 48539 70344 84531
                   333 10280 20152 59006 84612 81360 83080 91022=
201804190600 AAXX 19064 67475 32460 50908 10207 20174 48545 70322 84531
                   333 10207 20162 59007 84712 82360 82080 91023=
201804171200 AAXX 17124 67475 42660 51503 10238 20157 48526 70322 85200
                   333 58006 85842 91020=
201804170600 AAXX 17064 67475 12460 71308 10185 20161 48547 69904 70322 875//
                   333 10258 20151 58002 87616 91023=
201804121200 AAXX 12124 67475 41658 73607 10202 20187 48497 76099 8197/
                   333 58015 81930 83835 87460 91017=
201804091200 AAXX 09124 67475 NIL=
201804090600 AAXX 09064 67475 12560 80902 10208 20188 48529 60184 70322 875//
                   333 10282 20169 58003 87620 91021=
201804060900 AAXX 06094 67475 42660 83602 10256 20187 48510 70322 85208
                   333 58007 85835 88280 91018=
201804060600 AAXX 06064 67475 12560 81003 10214 20182 48514 69904 70322 83508
                   333 10254 20156 58007 83620 88280 91019=
201804050900 AAXX 05094 67475 42560 63606 10250 20176 48503 70322 84230
                   333 59018 84825 82360 91018=
201804040600 AAXX 04064 67475 11305 81202 10180 20180 48521 60174 74366 8678/
                   333 10280 20169 58019 86709 87459 91020=

################################################################################
#  SYNOPS from 67476, Misamfu (Zambia) | 10-06S | 031-15E | 1536 m
################################################################################
201804301200 AAXX 30124 67476 NIL=
201804201200 AAXX 20124 67476 NIL=
201804160600 AAXX 16064 67476 11476 60903 10185 20178 48/// 60104 76396 83530
                   333 10285 20172 5//// 83618 86359
                   555 00162=
201804130600 AAXX 13064 67476 11473 80000 10163 20163 48/// 60354 76696 8467/
                   333 10283 20146 58002 84713 88458
                   555 00098=
201804091200 AAXX 09124 67476 NIL=
201804090600 AAXX 09064 67476 11477 80905 10189 20178 48/// 60234 76362 8457/
                   333 10280 20149 5//// 84618 88459
                   555 00123=
201804040600 AAXX 04064 67476 11473 80000 10165 20165 48/// 60114 8367/
                   333 10278 20152 59001 83714 88459
                   555 00131=

################################################################################
#  SYNOPS from 67477, Mpika (Zambia) | 11-54S | 031-26E | 1400 m
################################################################################
201804301200 AAXX 30124 67477 NIL=
201804250600 AAXX 25064 67477 31475 41203 10164 20130 48553 83530
                   333 10268 20095 58001 83613 82360
                   555 00088=
201804230600 AAXX 23064 67477 32480 10903 10196 20155 48544 81500
                   333 10262 20135 58010 81615
                   555 00133=
201804201200 AAXX 20124 67477 NIL=
201804190600 AAXX 19064 67477 32480 11205 10195 20168 48549 70100 81500
                   333 10250 20152 59001 81613
                   555 00142=
201804170600 AAXX 17064 67477 32480 31203 10170 20140 48549 83501
                   333 10246 20144 59004 83610 81080
                   555 00136=
201804160600 AAXX 16064 67477 12480 61203 10177 20166 48553 69904 85570
                   333 10239 20164 58004 85610 86359=
201804120600 AAXX 12064 67477 11475 60907 10195 20175 48524 60034 71022 86500
                   333 10268 20175 59010 86610
                   555 00170=
201804091200 AAXX 09124 67477 NIL=
201804090600 AAXX 09064 67477 32980 71203 10200 20189 48534 8707/
                   333 10264 20175 5//// 87360
                   555 00170=
201804050600 AAXX 05064 67477 12980 21201 10195 20170 48500 60244 82030
                   333 10258 20158 59002 82361
                   555 00110=
201804040600 AAXX 04064 67477 12480 61203 10195 20183 48523 69904 85530
                   333 10269 20176 58010 85616 85360
                   555 00175=

################################################################################
#  SYNOPS from 67481, Isoka (Zambia) | 10-07S | 032-38E | 1360 m
################################################################################
201804301200 AAXX 30124 67481 NIL=
201804300600 AAXX 30064 67481 32480 33002 10192 20154 48/// 81530
                   333 10268 20142 58003 81615 83360=
201804270600 AAXX 27064 67481 32980 10302 10192 20148 48/// 80001
                   333 10250 20130 58009 81080=
201804250600 AAXX 25064 67481 32980 00302 10188 20126 48///
                   333 10264 20122 58004=
201804240600 AAXX 24064 67481 32980 12704 10201 20133 48/// 81030
                   333 10270 20140 58001 81360=
201804230600 AAXX 23064 67481 32480 31601 10194 20177 48/// 81101
                   333 10274 20152 5//// 81810 83080=
201804201200 AAXX 20124 67481 NIL=
201804200600 AAXX 20064 67481 32980 30000 10210 20178 48/// 82031
                   333 10270 20160 59004 82359=
201804190600 AAXX 19064 67481 32480 40602 10210 20174 48/// 84130
                   333 10260 20178 59001 84810 81360=
201804180600 AAXX 18064 67481 12380 72102 10182 20172 48/// 60034 875//
                   333 10254 20164 58006 87609=
201804170600 AAXX 17064 67481 12379 83002 10172 20169 48/// 60064 886//
                   333 10258 20158 59002 88706=
201804160600 AAXX 16064 67481 32380 83002 10184 20179 48/// 72162 887//
                   333 10264 20170 5//// 88707=
201804130600 AAXX 13064 67481 11378 80301 10182 20179 48/// 60484 76166 887//
                   333 10264 20174 58027 88706=
201804120600 AAXX 12064 67481 12480 62702 10198 20181 48/// 60024 86501
                   333 10280 20180 59005 86610 84080=
201804100600 AAXX 10064 67481 12480 60902 10209 20182 48/// 60024 82530
                   333 10280 20178 59010 82610 86360=
201804091200 AAXX 09124 67481 NIL=
201804090600 AAXX 09064 67481 32480 73001 10200 20168 48/// 875//
                   333 10229 20180 59005 87617=
201804060600 AAXX 06064 67481 12480 12101 10204 20175 48/// 60224 81101
                   333 10282 20150 58003 81812 81080=
201804050600 AAXX 05064 67481 32480 22102 10212 20178 48/// 81130
                   333 10270 20170 59011 81812 82360=
201804040600 AAXX 04064 67481 12380 63002 10200 20187 48/// 60394 82530
                   333 10262 20176 58013 82608 86360=

################################################################################
#  SYNOPS from 67531, Zambezi (Zambia) | 13-32S | 023-07E | 1077 m
################################################################################
201804301200 AAXX 30124 67531 NIL=
201804260600 AAXX 26064 67531 32980 00904 10172 20119 48///
                   333 10291 20096 58002
                   555 00092=
201804250600 AAXX 25064 67531 32980 01004 10185 20139 48/// 70200
                   333 10305 20131 58003=
201804240600 AAXX 24064 67531 32980 51505 10192 20163 48/// 70222 85030
                   333 10310 20130 58007 85362
                   555 00142=
201804230600 AAXX 23064 67531 32980 20903 10205 20171 48/// 70200 82030
                   333 10284 20145 58004 82362
                   555 00154=
201804201200 AAXX 20124 67531 NIL=
201804200600 AAXX 20064 67531 32980 10000 10214 20166 48/// 80001
                   333 10303 20122 58005 81081
                   555 00130=
201804190600 AAXX 19064 67531 32980 00907 10195 20165 48/// 70200
                   333 10294 20136 59003
                   555 00149=
201804170600 AAXX 17064 67531 32980 21007 10201 20169 48/// 70200 82030
                   333 10296 20160 59008 82362
                   555 00162=
201804160600 AAXX 16064 67531 12380 70901 10180 20175 48/// 60154 70222 8467/
                   333 10230 20145 59002 84706 87460
                   555 00161=
201804130600 AAXX 13064 67531 11380 71302 10205 20192 48/// 60104 70262 81678
                   333 10293 20174 5//// 81707 83361 87281
                   555 00186=
201804120600 AAXX 12064 67531 11380 70000 10211 20195 48/// 69914 72162 8167/
                   333 10311 20175 5//// 81708 87360
                   555 00180=
201804100600 AAXX 10064 67531 32980 60000 10195 20180 48/// 70222 86030
                   333 10306 20155 5//// 86361
                   555 00170=
201804091200 AAXX 09124 67531 NIL=
201804090600 AAXX 09064 67531 32980 30906 10206 20187 48/// 70200 83030
                   333 10257 20163 5//// 83362
                   555 00172=
201804060600 AAXX 06064 67531 11330 70801 10205 20198 48/// 60044 75052 8477/
                   333 10245 20180 5//// 84706 87360
                   555 00192=
201804050600 AAXX 05064 67531 11480 73602 10220 20201 48/// 69934 72162 8117/
                   333 10286 20185 5//// 81810 87460
                   555 00193=
201804040600 AAXX 04064 67531 12380 71102 10200 20193 48/// 60014 8167/
                   333 10298 20180 5//// 81707 87361
                   555 00192=

################################################################################
#  SYNOPS from 67541, Kasempa (Zambia) | 13-32S | 025-51E | 1234 m
################################################################################
201804301200 AAXX 30124 67541 NIL=
201804300600 AAXX 30064 67541 32980 70503 10190 20158 48539 70222 8703/
                   333 10300 20160 59002 87360=
201804240600 AAXX 24064 67541 32980 00000 10205 20165 48525
                   333 10300 20140 58006=
201804230600 AAXX 23064 67541 32980 10000 10180 20169 48519 70222 80001
                   333 10300 20116 59014 81080=
201804201200 AAXX 20124 67541 NIL=
201804180600 AAXX 18064 67541 32980 10502 10195 20163 48530 70222 80001
                   333 10290 20120 59001 81080=
201804170600 AAXX 17064 67541 32980 10602 10202 20168 48531 70222 80001
                   333 10290 20140 58000 81080=
201804120600 AAXX 12064 67541 12380 70405 10190 20190 48507 60144 70222 8353/
                   333 10290 20168 59005 83606 87360=
201804100600 AAXX 10064 67541 12380 70503 10201 20185 48509 69904 70222 87500
                   333 10290 20170 59002 87606=
201804091200 AAXX 09124 67541 NIL=
201804090600 AAXX 09064 67541 12480 30403 10218 20191 48511 60064 70222 83100
                   333 10296 20164 58007 83810=
201804050600 AAXX 05064 67541 11365 70000 10193 20193 48499 60014 76066 8253/
                   333 10290 20170 59004 82706 87360=
201804040600 AAXX 04064 67541 11360 70302 10195 20195 48503 60204 76066 8353/
                   333 10280 20178 58003 83706 87360=

################################################################################
#  SYNOPS from 67543, Kabompo (Zambia) | 13-36S | 024-12E | 1075 m
################################################################################
201804301200 AAXX 30124 67543 NIL=
201804260600 AAXX 26064 67543 31980 00000 10148 20103 48/// 70500
                   333 10288 20104 58003
                   555 00094=
201804250600 AAXX 25064 67543 31980 00000 10164 20132 48/// 70500
                   333 10314 20145 58002
                   555 00106=
201804240600 AAXX 24064 67543 32983 30000 10190 20168 48/// 70122 83030
                   333 10314 20170 58003 83361
                   555 00136=
201804230600 AAXX 23064 67543 31960 00000 10182 20174 48/// 74244
                   333 10312 20146 59009
                   555 00130=
201804201200 AAXX 20124 67543 NIL=
201804190600 AAXX 19064 67543 32983 00000 10178 20159 48/// 70200
                   333 10300 20148 59004
                   555 00122=
201804170600 AAXX 17064 67543 32983 10000 10196 20166 48/// 81040
                   333 10292 20174 59003 81361
                   555 00138=
201804160600 AAXX 16064 67543 12383 70000 10184 20181 48/// 60084 8163/
                   333 10284 20174 59002 81707 87360
                   555 00152=
201804120600 AAXX 12064 67543 12380 70000 10192 20184 48/// 60134 70226 8163/
                   333 10290 20182 59003 81706 87360
                   555 00160=
201804100600 AAXX 10064 67543 32983 50000 10194 20171 48/// 85031
                   333 10312 20172 59006 85360 81080
                   555 00150=
201804091200 AAXX 09124 67543 NIL=
201804090600 AAXX 09064 67543 12983 20000 10196 20181 48/// 69974 80001
                   333 10310 20172 58001 82080
                   555 00156=

################################################################################
#  SYNOPS from 67551, Solwezi (Zambia) | 12-11S | 026-23E | 1386 m
################################################################################
201804301200 AAXX 30124 67551 NIL=
201804300600 AAXX 30064 67551 32980 61503 10189 20143 48543 86600
                   333 10284 20/// 58000 86620
                   555 00186 91022=
201804260600 AAXX 26064 67551 32980 01506 10161 20108 48537
                   333 10242 20//0 59005
                   555 00160 91022=
201804250600 AAXX 25064 67551 32980 01205 10172 20132 48543
                   333 10274 20//0 58002
                   555 00186 91022=
201804240600 AAXX 24064 67551 32975 01004 10174 20148 48542
                   333 10289 20//0 58004
                   555 00181 91022=
201804230600 AAXX 23064 67551 32975 10904 10179 20160 48544 81030
                   333 10282 2//// 59007 81362
                   555 00191 91021=
201804201200 AAXX 20124 67551 NIL=
201804190600 AAXX 19064 67551 32980 00903 10179 20151 48542
                   333 10259 20//0 59006
                   555 00184 91022=
201804170600 AAXX 17064 67551 32980 31706 10170 20151 48541 83030
                   333 10280 2//// 59002 83362
                   555 00180 91022=
201804160600 AAXX 16064 67551 12380 60806 10194 20179 48542 60084 86500
                   333 10243 20//0 58005 86607
                   555 00204 91022=
201804130600 AAXX 13064 67551 12370 81508 10180 20169 48542 60154 8667/
                   333 10212 20//0 58023 86704 88362
                   555 00182 91022=
201804120600 AAXX 12064 67551 12375 71006 10191 20182 48526 60044 72162 84530
                   333 10290 20//0 59002 84606 86362
                   555 00212 91019=
201804100600 AAXX 10064 67551 32380 70806 10193 20187 48518 8567/
                   333 10238 20//0 59005 85704 88362
                   555 00218 91019=
201804091200 AAXX 09124 67551 NIL=
201804090600 AAXX 09064 67551 12380 61205 10197 20195 48523 60074 84630
                   333 10232 20//0 59004 84704 84362
                   555 00204 91020=
201804060600 AAXX 06064 67551 12375 70905 10182 20176 48517 69924 877//
                   333 10282 20/// 58012 87704
                   555 00202 91018=
201804050600 AAXX 05064 67551 12275 70705 10190 20181 48504 60254 877//
                   333 10288 20//0 59017 87704
                   555 00204 91017=
201804040600 AAXX 04064 67551 11358 70000 10182 20179 48524 60044 76062 877//
                   333 10281 20//0 58013 87704
                   555 00201 91019=

################################################################################
#  SYNOPS from 67561, Ndola (Zambia) | 13-00S | 028-39E | 1269 m
################################################################################
201804301200 AAXX 30124 67561 NIL=
201804300600 AAXX 30064 67561 31975 60000 10172 20149 48535 70522 86030
                   333 10286 20124 58001 86360 91022=
201804260600 AAXX 26064 67561 31965 00000 10184 20105 48533 70500
                   333 10261 20099 59006 91022=
201804201200 AAXX 20124 67561 NIL=
201804200600 AAXX 20064 67561 31970 20000 10193 20162 48536 70500 81031
                   333 10288 20134 59008 81362 82082 91021=
201804180600 AAXX 18064 67561 31970 70000 10191 20156 48550 70511
                   333 10271 20130 58002 91023=
201804170600 AAXX 17064 67561 11370 21009 10176 20153 48546 60014 70500 81602
                   333 10278 20127 59004 81708 82080 91023=
201804091200 AAXX 09124 67561 NIL=
201804090600 AAXX 09064 67561 11370 71211 10206 20178 48529 60014 70562 81632
                   333 10276 20179 58005 81707 87360 81080 91020=
201804060600 AAXX 06064 67561 11380 83405 10192 20183 48516 60044 72196 887//
                   333 10283 20174 58010 88708 91019=
201804050600 AAXX 05064 67561 11375 80806 10196 20184 48506 60024 70522 886//
                   333 10275 20178 59012 88707 91018=
201804040600 AAXX 04064 67561 31375 71013 10208 20184 48519 70522 85630
                   333 10281 20176 58010 85709 85360 91019=

################################################################################
#  SYNOPS from 67563, Kafironda (Zambia) | 12-36S | 028-07E | 1243 m
################################################################################
201804301200 AAXX 30124 67563 NIL=
201804300600 AAXX 30064 67563 31675 11002 10200 20160 48/// 70500 81100
                   333 10256 20111 5//// 81835
                   555 00108=
201804270600 AAXX 27064 67563 31960 11602 10172 20130 48/// 72840 81020
                   333 10250 20085 58001 81360
                   555 00085=
201804260600 AAXX 26064 67563 31970 01702 10168 20120 48/// 70500
                   333 10266 20078 59005
                   555 00072=
201804250600 AAXX 25064 67563 31970 11603 10162 20120 48/// 70500 81030
                   333 10279 20090 58000 81350
                   555 00087=
201804240600 AAXX 24064 67563 31970 20602 10192 20160 48/// 70500 82030
                   333 10297 20126 58004 82360
                   555 00122=
201804230600 AAXX 23064 67563 31960 00301 10188 20160 48/// 72840
                   333 10300 20102 58010
                   555 00105=
201804201200 AAXX 20124 67563 NIL=
201804200600 AAXX 20064 67563 31970 20902 10191 20172 48/// 72840 80001
                   333 10294 20117 59003 82080
                   555 00116=
201804190600 AAXX 19064 67563 31980 00701 10200 20170 48/// 70500
                   333 10286 20126 59006
                   555 00122=
201804180600 AAXX 18064 67563 31978 20601 10185 20160 48/// 70500 80001
                   333 10280 20125 58000 82080
                   555 00122=
201804170600 AAXX 17064 67563 31378 31001 10182 20150 48/// 70500 81601
                   333 10264 20119 59002 81709 83080
                   555 00119=
201804160600 AAXX 16064 67563 11950 30000 10186 20180 48/// 60024 72844 80001
                   333 10264 20150 59009 83080
                   555 00150=
201804130600 AAXX 13064 67563 11378 81302 10195 20180 48/// 60034 70562 8377/
                   333 10269 20177 58020 83709 88359
                   555 00178=
201804120600 AAXX 12064 67563 11478 70301 10200 20180 48/// 60064 70522 84770
                   333 10284 20167 59001 84710 87359
                   555 00163=
201804100600 AAXX 10064 67563 11470 71002 10206 20190 48/// 69904 72162 85770
                   333 10270 20159 59005 85710 87359
                   555 00154=
201804091200 AAXX 09124 67563 NIL=
201804090600 AAXX 09064 67563 11970 71502 10202 20184 48/// 69904 70522 87030
                   333 10298 20166 58008 87358
                   555 00162=
201804060600 AAXX 06064 67563 11365 80000 10185 20181 48/// 60094 76066 8573/
                   333 10298 20174 58013 85708 83358
                   555 00161=
201804050600 AAXX 05064 67563 31478 71202 10205 20190 48/// 70222 87600
                   333 10280 20175 59016 87609
                   555 00160=
201804040600 AAXX 04064 67563 31470 81202 10210 20185 48/// 70222 886//
                   333 10290 20185 58011 88609
                   555 00182=

################################################################################
#  SYNOPS from 67571, Serenje (Zambia) | 13-14S | 030-13E | 1384 m
################################################################################
201804301200 AAXX 30124 67571 NIL=
201804300600 AAXX 30064 67571 32582 11504 10194 20131 48/// 70300 81100
                   333 10266 20143 5//// 81825
                   555 00233=
201804201200 AAXX 20124 67571 42782 41503 10268 20116 48/// 70111 83856=
201804180600 AAXX 18064 67571 32582 31505 10194 20146 48/// 70200 81101
                   333 10241 20154 5//// 81823 83080
                   555 00239=
201804170600 AAXX 17064 67571 32482 70908 10171 20134 48/// 70222 875//
                   333 10244 20146 5//// 87617
                   555 00192=
201804100600 AAXX 10064 67571 12482 71203 10202 20174 48/// 69904 70122 875//
                   333 10257 20177 5//// 87618
                   555 00226=
201804091200 AAXX 09124 67571 NIL=
201804090900 AAXX 09094 67571 42582 81205 10214 20164 48/// 70322 885//
                   333 5//// 88629=
201804090600 AAXX 09064 67571 12582 71204 10183 20169 48/// 69954 70222 875//
                   333 10268 20179 5//// 87620
                   555 00246=
201804050600 AAXX 05064 67571 12482 70302 10195 20167 48/// 60094 70222 8153/
                   333 10268 20156 5//// 81615 87360
                   555 00260=
201804041200 AAXX 04124 67571 41680 72102 10232 20171 48/// 71798 872//
                   333 5//// 81935 87835=
201804040600 AAXX 04064 67571 11482 71206 10189 20169 48/// 69904 72162 8157/
                   333 10276 20175 5//// 81615 87360
                   555 00214=

################################################################################
#  SYNOPS from 67575, Mkushi (Zambia) | 13-38-00S | 029-26-00E | 1237 m
################################################################################
201804301200 AAXX 30124 67575 NIL=
201804230600 AAXX 23064 67575 31970 00901 10188 20167 48500 70500
                   333 10285 20105 58007
                   555 00094=
201804201200 AAXX 20124 67575 NIL=
201804170600 AAXX 17064 67575 32480 61106 10178 20140 48509 85501
                   333 10269 20126 59003 85613 82080
                   555 00108=
201804120600 AAXX 12064 67575 11480 71203 10194 20174 48483 69924 72162 87570
                   333 10281 20177 59001 87612 81360
                   555 00170=
201804091200 AAXX 09124 67575 NIL=
201804090600 AAXX 09064 67575 32480 71304 10202 20167 48493 82571
                   333 10281 20185 58006 82613 81360 82080
                   555 00176=
201804060600 AAXX 06064 67575 11380 23601 10203 20190 48468 60034 72162 81771
                   333 10296 20099 58007 81708 82360 81080
                   555 00112=

################################################################################
#  SYNOPS from 67580, Msekera (Zambia) | 13-39S | 032-34E | 1025 m
################################################################################
201804301200 AAXX 30124 67580 NIL=
201804250600 AAXX 25064 67580 32980 01205 10198 20120 48///
                   333 10274 20154 58003=
201804240900 AAXX 24094 67580 42680 31804 10244 20139 48/// 83100
                   333 5//// 83840=
201804230600 AAXX 23064 67580 32980 01503 10204 20134 48///
                   333 10310 20153 5////=
201804201200 AAXX 20124 67580 NIL=
201804170600 AAXX 17064 67580 32580 51505 10200 20156 48/// 85800
                   333 10252 2//// 59003 83522 82624=
201804130600 AAXX 13064 67580 32480 71504 10204 20183 48/// 8753/
                   333 10259 20185 58022 87616 84360=
201804120600 AAXX 12064 67580 12580 71504 10207 20166 48/// 60074 82831
                   333 10298 20180 58003 81822 81624 86360 83080=
201804091200 AAXX 09124 67580 NIL=
201804090600 AAXX 09064 67580 12580 71205 10218 20191 48/// 60214 82131
                   333 10300 20183 59002 82826 81361 85080=
201804050900 AAXX 05094 67580 42680 60903 10267 20188 48/// 85130
                   333 59018 85848 82361=
201804050600 AAXX 05064 67580 32980 12702 10225 20188 48/// 81030
                   333 10319 20182 59007 81361=
201804040600 AAXX 04064 67580 12580 70902 10228 20173 48/// 60014 81130
                   333 10289 20188 58006 81822 87360=

################################################################################
#  SYNOPS from 67581, Chipata (Zambia) | 13-33S | 032-35E | 1028 m
################################################################################
201804301200 AAXX 30124 67581 NIL=
201804300600 AAXX 30064 67581 32680 41203 10234 20152 48567 82130
                   333 10286 20146 59001 82830 82360 91022=
201804270600 AAXX 27064 67581 32680 10703 10234 20154 48560 81100
                   333 10272 20147 59004 81832 91022=
201804260600 AAXX 26064 67581 32680 21604 10209 20142 48560 82130
                   333 10272 20134 59001 82830 81360 91022=
201804250600 AAXX 25064 67581 32680 01608 10210 20104 48559
                   333 10272 20145 58001 91022=
201804240600 AAXX 24064 67581 32680 21406 10209 20146 48560 82100
                   333 10292 20124 58007 82830 91022=
201804230600 AAXX 23064 67581 32980 00906 10225 20142 48556
                   333 10298 20140 58010 91021=
201804201200 AAXX 20124 67581 NIL=
201804200600 AAXX 20064 67581 32680 31403 10228 20176 48550 82130
                   333 10282 20150 59012 82830 82360 91020=
201804190600 AAXX 19064 67581 32680 20603 10243 20171 48563 81102
                   333 10285 20129 59007 81835 82080 91022=
201804170600 AAXX 17064 67581 32680 41605 10220 20148 48555 83102
                   333 10254 20152 58002 83832 82080 91022=
201804160600 AAXX 16064 67581 32680 51604 10206 20154 48561 82108
                   333 10284 20164 58003 82830 85270 91022=
201804120600 AAXX 12064 67581 12680 51206 10203 20164 48538 60164 81132
                   333 10282 20169 58002 81830 84360 82080 91019=
201804100600 AAXX 10064 67581 12680 61204 10229 20192 48537 69904 82132
                   333 10284 20170 59010 82830 82360 84080 91019=
201804091200 AAXX 09124 67581 NIL=
201804090600 AAXX 09064 67581 12680 61603 10227 20185 48544 60124 82132
                   333 10294 20174 58002 82830 83360 85280 91020=
201804060600 AAXX 06064 67581 32980 31203 10235 20184 48522 81130
                   333 10301 20161 58002 81830 83360 91017=
201804040600 AAXX 04064 67581 32680 51204 10220 20154 48534 82130
                   333 10289 20175 58009 82830 83360 91018=

################################################################################
#  SYNOPS from 67583, Lundazi (Zambia) | 12-17S | 033-12E | 1143 m
################################################################################
201804301200 AAXX 30124 67583 NIL=
201804300600 AAXX 30064 67583 32480 11502 10208 20165 48/// 70300 81100
                   333 10292 20/// 5//// 81818=
201804230600 AAXX 23064 67583 32980 00000 10200 20172 48/// 70200
                   333 10306 20//0 5////=
201804201200 AAXX 20124 67583 NIL=
201804190600 AAXX 19064 67583 32580 11701 10202 20184 48/// 81800
                   333 10288 20//0 5//// 81825 81626=
201804170600 AAXX 17064 67583 12380 61505 10190 20175 48/// 60074 70300 85631
                   333 10290 2//// 5//// 85706 81359 81080=
201804130600 AAXX 13064 67583 11470 80000 10190 20190 48/// 60044 72162 8157/
                   333 10264 20//0 5//// 81615 88459=
201804091200 AAXX 09124 67583 NIL=
201804090600 AAXX 09064 67583 11970 80000 10184 20184 48/// 60024 8807/
                   333 10292 20/// 5//// 88460=
201804040600 AAXX 04064 67583 32980 70000 10214 20180 48/// 8707/
                   333 10304 20//0 5//// 87360=

################################################################################
#  SYNOPS from 67599, Mfuwe (Zambia) | 13-16S | 031-56E | 568 m
################################################################################
201804301200 AAXX 30124 67599 NIL=
201804270600 AAXX 27064 67599 32980 10000 10224 20178 48551 81030
                   333 10318 20153 59006 81360
                   555 00145 91020=
201804260600 AAXX 26064 67599 32980 10000 10196 20139 48547 81030
                   333 10320 20115 58000 81360
                   555 00125 91021=
201804230600 AAXX 23064 67599 32980 10000 10210 20163 48542 81030
                   333 10335 20158 58007 81360
                   555 00147 91019=
201804201200 AAXX 20124 67599 NIL=
201804180600 AAXX 18064 67599 32980 10000 10224 20183 48559 81030
                   333 10320 20165 58001 81360
                   555 00155 91021=
201804170600 AAXX 17064 67599 32980 20000 10209 20164 48552 81031
                   333 10299 20148 58002 81360 82080
                   555 00148 91021=
201804120600 AAXX 12064 67599 12680 60000 10228 20204 48534 69904 86530
                   333 10330 20200 58005 86649 83359
                   555 00200 91017=
201804100600 AAXX 10064 67599 11380 70000 10241 20219 48526 60044 72842 82530
                   333 10320 20208 59014 82610 87360
                   555 00206 91016=
201804091200 AAXX 09124 67599 NIL=
201804090600 AAXX 09064 67599 12980 70000 10234 20204 48536 69904 8703/
                   333 10320 20204 58001 87360
                   555 00200 910181=
201804040600 AAXX 04064 67599 12980 71406 10245 20201 48530 60234 8707/
                   333 10334 20208 58012 87459
                   555 00216 91017=

################################################################################
#  SYNOPS from 67625, Kalabo (Zambia) | 14-51S | 022-42E | 1033 m
################################################################################
201804301200 AAXX 30124 67625 NIL=
201804240600 AAXX 24064 67625 32982 11006 10223 20174 48/// 81080
                   333 10305 20195 58013 81360=
201804230600 AAXX 23064 67625 32982 11504 10213 20168 48/// 81030
                   333 10312 20166 58002 81360=
201804201200 AAXX 20124 67625 NIL=
201804170600 AAXX 17064 67625 32982 10910 10225 20173 48/// 81030
                   333 10286 20203 59013 81360
                   555 00166=
201804120600 AAXX 12064 67625 32482 80605 10240 20200 48/// 81133
                   333 10295 20200 58002 81810 82360 88075
                   555 00168=
201804091200 AAXX 09124 67625 NIL=
201804090600 AAXX 09064 67625 12982 60910 10229 20187 48/// 60014 80003
                   333 10291 20200 58010 86075
                   555 00186=
201804040600 AAXX 04064 67625 11482 80903 10211 20205 48/// 60024 72052 84623
                   333 10280 20201 58016 84710 87460 88075
                   555 00188=

################################################################################
#  SYNOPS from 67633, Mongu (Zambia) | 15-15S | 023-09E | 1052 m
################################################################################
201804301200 AAXX 30124 67633 NIL=
201804300600 AAXX 30064 67633 32980 40904 10220 20124 48545 70200
                   333 10315 20200 58004 84360 91021=
201804270600 AAXX 27064 67633 32980 00903 10200 20130 48551 70200
                   333 10290 20122 59003 91022=
201804260600 AAXX 26064 67633 32980 00906 10191 20125 48549 70200
                   333 10305 20165 58008 91022=
201804250600 AAXX 25064 67633 32980 00804 10211 20148 48548 70200
                   333 10312 20153 58009 91021=
201804240600 AAXX 24064 67633 32980 40906 10205 20151 48534 70200 84030
                   333 10318 20170 58000 84360 91020=
201804230600 AAXX 23064 67633 32980 01002 10225 20165 48543 70200
                   333 10321 20161 58007 91020=
201804201200 AAXX 20124 67633 NIL=
201804180600 AAXX 18064 67633 32980 10906 10215 20154 48553 70333 80008
                   333 10207 20170 58012 81080 91023=
201804170600 AAXX 17064 67633 32980 00905 10214 20171 48543 70200
                   333 10318 20182 59003 91021=
201804160600 AAXX 16064 67633 32980 40905 10215 20193 48549 70233 82031
                   333 10299 20185 58000 82360 82080 91021=
201804130600 AAXX 13064 67633 32980 70915 10219 20175 48542 70222 84031
                   333 10311 20205 58014 84360 85080 91020=
201804120600 AAXX 12064 67633 32980 40904 10240 20197 48529 70233 84001
                   333 10305 20205 58006 84080 91019=
201804091200 AAXX 09124 67633 NIL=
201804090600 AAXX 09064 67633 12980 40903 10224 20194 48534 60094 70200 80001
                   333 10284 20183 5//// 84080 91020=
201804060600 AAXX 06064 67633 11380 80904 10197 20190 48493 60274 76062 8277/
                   333 10266 20188 59001 82707 88460 91015=
201804050600 AAXX 05064 67633 11570 80901 10206 20203 48495 60054 79596 8197/
                   333 10303 20196 59014 81925 88460 91015=
201804040600 AAXX 04064 67633 11980 80000 10212 20208 48509 60134 76066 8807/
                   333 10310 20199 59012 88460 91017=

################################################################################
#  SYNOPS from 67641, Kaoma (Zambia) | 14-48S | 024-48E | 1213 m
################################################################################
201804301200 AAXX 30124 67641 NIL=
201804300600 AAXX 30064 67641 32982 50901 10209 20150 48538 85030
                   333 10311 20154 58001 85360 91021=
201804260600 AAXX 26064 67641 32980 00000 10140 20123 48533 70200
                   333 10289 20104 58002 91021=
201804250600 AAXX 25064 67641 32980 00902 10289 20137 48534 70200
                   333 10302 20112 58001 91021=
201804240600 AAXX 24064 67641 32980 20701 10200 20173 48537 82030
                   333 10315 20149 58010 82360 91021=
201804230600 AAXX 23064 67641 32980 03602 10166 20153 48523
                   333 10310 20140 58004 91020=
201804201200 AAXX 20124 67641 NIL=
201804200600 AAXX 20064 67641 32980 70000 10187 20163 48531 70222 87030
                   333 10304 20148 59006 87360 91020=
201804190600 AAXX 19064 67641 32980 00701 10183 20162 48534
                   333 10296 20137 59002 91021=
201804180600 AAXX 18064 67641 32980 00602 10190 20163 48538
                   333 10285 20139 58001 91021=
201804170600 AAXX 17064 67641 32980 10602 10196 20172 48537 80001
                   333 10295 20151 59002 81080 91021=
201804160600 AAXX 16064 67641 32580 71102 10195 20188 48540 70222 81530
                   333 10293 20180 58001 81625 87360 91021=
201804130600 AAXX 13064 67641 32580 60902 10195 20174 48536 81131
                   333 10296 20171 58025 81820 82360 84080 91020=
201804120600 AAXX 12064 67641 32980 40802 10208 20192 48512 83530
                   333 10305 20177 59002 83620 81360 91017=
201804091200 AAXX 09124 67641 NIL=
201804090600 AAXX 09064 67641 32980 10903 10192 20182 48519 70200 80001
                   333 10303 20152 58003 81080 91018=
201804060600 AAXX 06064 67641 12580 70802 10185 20177 48488 60034 82530
                   333 10258 20178 58000 82620 87360 91015=
201804050600 AAXX 05064 67641 11580 80000 10199 20192 48489 60024 76062 8257/
                   333 10302 20192 59019 82620 87460 91015=

################################################################################
#  SYNOPS from 67655, Mumbwa (Zambia) | 15-04S | 027-11E | 1216 m
################################################################################
201804301200 AAXX 30124 67655 NIL=
201804300600 AAXX 30064 67655 32980 70000 10194 20133 48555 8703/
                   333 10283 20141 58010 87360 91024=
201804201200 AAXX 20124 67655 NIL=
201804160600 AAXX 16064 67655 32980 00906 10187 20166 48465
                   333 10264 20149 59002 91024=
201804130600 AAXX 13064 67655 32480 71212 10188 20146 48571 83630
                   333 10249 20159 58026 83614 86359 91024=
201804100600 AAXX 10064 67655 11480 81005 10192 20186 48528 69904 75022 885//
                   333 10261 20168 59012 88610 91020=
201804091200 AAXX 09124 67655 NIL=
201804090600 AAXX 09064 67655 32480 61016 10210 20178 48551 81131
                   333 10280 20157 58004 81821 82360 84080 91022=
201804040600 AAXX 04064 67655 32480 70906 10200 20178 48537 83530
                   333 10270 20164 58009 83612 87359 91020=

################################################################################
#  SYNOPS from 67659, Kafue Polder (Zambia) | 15-46S | 027-55E | 978 m
################################################################################
201804301200 AAXX 30124 67659 NIL=
201804300600 AAXX 30064 67659 32980 11004 10209 20162 48/// 70222 81030
                   333 10295 20180 58015 81360=
201804270600 AAXX 27064 67659 32980 11205 10182 20154 48/// 70222 81030
                   333 10279 20088 59022 81360=
201804260600 AAXX 26064 67659 32980 00704 10174 20130 48/// 70500
                   333 10278 20112 59003=
201804250600 AAXX 25064 67659 32980 01307 10202 20148 48/// 70200
                   333 10265 20112 58007=
201804240600 AAXX 24064 67659 32980 01506 10212 20172 48/// 70500
                   333 10304 20140 58008=
201804230600 AAXX 23064 67659 12980 11004 10200 20185 48/// 69944 70222 81030
                   333 10308 20130 58008 81360=
201804201200 AAXX 20124 67659 NIL=
201804200600 AAXX 20064 67659 32980 20603 10195 20165 48/// 70322 82030
                   333 10301 20125 59009 82360=
201804190600 AAXX 19064 67659 32980 00704 10209 20165 48/// 70500
                   333 10275 20138 59002=
201804180600 AAXX 18064 67659 32380 11405 10193 20161 48/// 70222 81500
                   333 10275 20138 58001 81609=
201804170600 AAXX 17064 67659 32380 51005 10205 20168 48/// 70322 84530
                   333 10281 20211 59004 84609 81360=
201804120600 AAXX 12064 67659 32480 61206 10225 20181 48/// 70322 85570
                   333 10276 20165 58018 85610 81460=
201804100600 AAXX 10064 67659 32480 50706 10223 20197 48/// 69904 70222 84570
                   333 10287 20195 59017 84610 81460=
201804091200 AAXX 09124 67659 NIL=
201804090600 AAXX 09064 67659 32980 60905 10223 20190 48/// 70322 85570
                   333 10307 20133 58004 85610 81460=
201804060600 AAXX 06064 67659 12380 70502 10210 20197 48/// 60014 70222 85370
                   333 10310 20182 5//// 85609 82460=
201804050600 AAXX 05064 67659 32480 40805 10214 20215 48/// 70322 81530
                   333 10304 20171 59021 81610 83360=

################################################################################
#  SYNOPS from 67662, Kabwe Agric (Zambia) | 14-24S | 028-30E | 1165 m
################################################################################
201804301200 AAXX 30124 67662 NIL=
201804300600 AAXX 30064 67662 32980 61004 10196 20152 48/// 86030
                   333 10284 20144 5//// 86360
                   555 00100=
201804270600 AAXX 27064 67662 32980 70000 10186 20156 48/// 87030
                   333 10261 20151 5//// 87360
                   555 00113=
201804260600 AAXX 26064 67662 32980 00000 10171 20102 48///
                   333 10254 20086 5////
                   555 00069=
201804250600 AAXX 25064 67662 32980 00903 10175 20126 48///
                   333 10269 20114 5////
                   555 00097=
201804240600 AAXX 24064 67662 32980 00000 10186 20168 48///
                   333 10280 20142 5////
                   555 00106=
201804230600 AAXX 23064 67662 32980 00000 10187 20165 48///
                   333 10289 20121 5////
                   555 00108=
201804201200 AAXX 20124 67662 NIL=
201804180600 AAXX 18064 67662 32980 10804 10172 20153 48/// 80001
                   333 10253 20134 81082
                   555 00094=
201804170600 AAXX 17064 67662 32980 11505 10171 20153 81030
                   333 10256 20128 5//// 81360
                   555 00100=
201804120600 AAXX 12064 67662 32480 70810 10207 20173 48/// 875//
                   333 10279 20172 5//// 87612
                   555 00153=
201804100600 AAXX 10064 67662 32380 70903 10204 20184 48/// 876//
                   333 10253 20169 5//// 87709
                   555 00149=
201804091200 AAXX 09124 67662 NIL=
201804090600 AAXX 09064 67662 32480 71206 10208 20180 48/// 86530
                   333 10286 20168 5//// 86614 85360
                   555 00162=
201804060600 AAXX 06064 67662 12380 70000 10190 20182 48/// 60354 85638
                   333 10295 20169 5//// 85708 86360 86280
                   555 00158=
201804050600 AAXX 05064 67662 32480 60802 10206 20183 48/// 81130
                   333 10275 20170 5//// 81814 86360
                   555 00150=
201804040600 AAXX 04064 67662 32380 70908 10204 20183 48/// 86630
                   333 10269 20171 5//// 86708 87360
                   555 00144=

################################################################################
#  SYNOPS from 67663, Kabwe (Zambia) | 14-27S | 028-28E | 1206 m
################################################################################
201804301200 AAXX 30124 67663 NIL=
201804300600 AAXX 30064 67663 32980 31911 10190 20150 48538 83030
                   333 10287 20160 58003 83360
                   555 00194=
201804201200 AAXX 20124 67663 NIL=
201804190600 AAXX 19064 67663 32980 00906 10191 20159 48560
                   333 10272 20136 58004
                   555 00200=
201804170600 AAXX 17064 67663 32980 20807 10180 20152 48556 82030
                   333 10258 20186 58005 82360
                   555 00188=
201804160600 AAXX 16064 67663 32480 30805 10184 20173 48551 82530
                   333 10255 20150 58004 82618 82360
                   555 00216=
201804130600 AAXX 13064 67663 32480 60605 10188 20165 48589 86500
                   333 10248 20152 58039 86618
                   555 00220=
201804120600 AAXX 12064 67663 32480 51107 10195 20172 48553 82532
                   333 10282 20172 58019 82618 84360 81080
                   555 00220=
201804100600 AAXX 10064 67663 32480 71709 10194 20180 48529 8357/
                   333 10258 20150 59002 83618 87460
                   555 00208=
201804091200 AAXX 09124 67663 NIL=
201804090600 AAXX 09064 67663 32480 31109 10202 20176 48532 82532
                   333 10276 20180 59078 82618 82360 82080
                   555 00208=
201804060600 AAXX 06064 67663 12480 60708 10195 20184 48579 60254 83580
                   333 10305 20174 58014 83618 85360
                   555 00239=
201804050600 AAXX 05064 67663 12580 20808 10210 20179 48566 69904 81130
                   333 10270 20174 59004 81820 82360
                   555 00230=
201804040600 AAXX 04064 67663 12480 60806 10202 20184 48569 69904 84530
                   333 10265 20172 58012 84618 83360
                   555 00224=

################################################################################
#  SYNOPS from 67665, Lusaka Internationalairport (Zambia) | 15-19S | 028-27E | 1152 m
################################################################################
201804301800 AAXX 30184 67665 42980 11604 10165 20118 48552 70200 81030
                   333 58000 81360 91023=
201804301200 AAXX 30124 67665 NIL=
201804300900 AAXX 30094 67665 42680 20712 10236 20138 48575 70300 82100
                   333 58005 82830=
201804300600 AAXX 30064 67665 32480 10911 10185 20145 48565 81130
                   333 10280 20//0 58005 81810 81360=
201804300000 AAXX 30004 67665 42980 10902 10160 20134 48544 81030
                   333 58003 81360=
201804292100 AAXX 29214 67665 42980 11304 10156 20136 48554 81030
                   333 58001 81360=
201804290900 AAXX 29094 67665 42680 41011 10252 20163 48571 84500
                   333 59004 84635=
201804281200 AAXX 28124 67665 42680 50709 10263 20136 48555 85200
                   333 58011 85835 91022=
201804280900 AAXX 28094 67665 42580 41010 10254 20143 48575 84100
                   333 58009 84825=
201804280600 AAXX 28064 67665 32980 31204 10179 20147 48571 83030
                   333 10267 20//0 58004 83360=
201804280300 AAXX 28034 67665 42980 10000 10139 20119 48540 70200 81030
                   333 58007 81360=
201804280000 AAXX 28004 67665 42980 42302 10156 20119 48542 70200 84030
                   333 58014 84360=
201804272100 AAXX 27214 67665 42980 41702 10173 20134 70200 84030
                   333 58004 84260=
201804270900 AAXX 27094 67665 42480 61006 10234 20123 48563 84530
                   333 59002 84620 84360=
201804270600 AAXX 27064 67665 32480 61302 10177 20135 48556 83530
                   333 10266 20//0 59001 83610 85360=
201804261800 AAXX 26184 67665 42980 41505 10177 20126 48547 70200 84030
                   333 58000 84360=
201804261500 AAXX 26154 67665 42780 31107 10242 20093 48530 70200 83100
                   333 59003 83856=
201804261200 AAXX 26124 67665 42680 30508 10250 20082 48547 70200 83100
                   333 59003 83840=
201804260900 AAXX 26094 67665 42680 10410 10231 20091 48565 70300 81100
                   333 59006 81830=
201804260600 AAXX 26064 67665 32980 00905 10155 20102 48556
                   333 10264 20//0 58002=
201804260300 AAXX 26034 67665 42980 00000 10//0 20//0 48///
                   333 59005=
201804260000 AAXX 26004 67665 42980 01303 10101 20179 48532
                   333 58003=
201804251800 AAXX 25184 67665 42980 01305 10164 20100 48544
                   333 10264 59003=
201804251200 AAXX 25124 67665 42680 21109 10253 20073 48550 82100
                   333 58004 82840=
201804250900 AAXX 25094 67665 42680 30816 10228 20106 48540 70200 83100
                   333 58005 83830=
201804250600 AAXX 25064 67665 32980 01205 10166 20114 48559
                   333 10275 20//0 58004=
201804250000 AAXX 25004 67665 42980 01902 10133 20103 48533
                   333 58003=
201804242100 AAXX 24214 67665 42980 11703 10156 20112 48546 81030
                   333 58002 81360=
201804241800 AAXX 24184 67665 42980 11505 10173 20116 48549 70200 81030
                   333 58010 81360 91022=
201804241500 AAXX 24154 67665 42980 21007 10237 20134 48544 70100 82030
                   333 58007 82360 91021=
201804231500 AAXX 23154 67665 42980 21009 10259 20139 48540 82030
                   333 58009 82360=
201804231200 AAXX 23124 67665 42680 41206 10265 20136 48546 84230
                   333 58008 84840 82360=
201804230600 AAXX 23064 67665 41970 21205 10202 20178 48554 71000 82030
                   333 10//0 20//0 58008 82360=
201804230300 AAXX 23034 67665 42980 02001 10145 20137 48524
                   333 58001=
201804230000 AAXX 23004 67665 42980 02001 10164 20156 48529
                   333 58010=
201804222100 AAXX 22214 67665 42980 01901 10167 20154 48539
                   333 58009=
201804221800 AAXX 22184 67665 42980 01402 10195 20155 48536
                   333 59003=
201804221500 AAXX 22154 67665 42680 11007 10264 20142 48531 81200
                   333 59004 81845=
201804221200 AAXX 22124 67665 42680 41006 10268 20145 48538 83130
                   333 59004 83842 83360=
201804220900 AAXX 22094 67665 42680 20808 10255 20154 48556 81130
                   333 59008 81830 82360=
201804220300 AAXX 22034 67665 42980 00000 10140 20122 48522 59008=
201804212100 AAXX 21214 67665 42980 00000 10171 20155 48531 70200
                   333 59004=
201804211800 AAXX 21184 67665 42980 21703 10203 20163 48533 82030
                   333 10289 58000 82360=
201804211500 AAXX 21154 67665 42980 21209 10258 20147 48535 82060
                   333 58005 82358=
201804211200 AAXX 21124 67665 42680 31109 10278 20124 48543 83100
                   333 58003 83835=
201804210600 AAXX 21064 67665 32980 01105 10200 20157 48551 70100
                   333 10296 20//0 58004=
201804210300 AAXX 21034 67665 42980 01402 10137 20121 48529 70200
                   333 58003=
201804210000 AAXX 21004 67665 42980 00000 10151 20119 48508 70200
                   333 59002=
201804202100 AAXX 20214 67665 42980 01803 10173 20122 48534 70200
                   333 58000=
201804201800 AAXX 20184 67665 42980 10804 10198 20135 48533 70100 81030
                   333 58005 81360 91020=
201804201500 AAXX 20154 67665 42980 21010 10276 20158 48533 70100 82030
                   333 58003 83360 91019=
201804201200 AAXX 20124 67665 NIL=
201804200900 AAXX 20094 67665 42380 31107 10264 20182 48558 83100
                   333 59012 83825=
201804200600 AAXX 20064 67665 42980 11502 10200 20141 48547 81030
                   333 10289 59012 81360
                   555 00///=
201804200000 AAXX 20004 67665 42980 00000 10153 20128 48529 70200
                   333 59011=
201804191800 AAXX 19184 67665 42980 11503 10191 20142 48527 70100 81030
                   333 10289 59018 81360=
201804191500 AAXX 19154 67665 42780 31408 10255 20131 48527 70100 83100
                   333 59018 83850=
201804191200 AAXX 19124 67665 42680 41305 10279 20114 48542 70300 84100
                   333 59018 84830=
201804190900 AAXX 19094 67665 42680 20804 10251 20139 48564 70300 82500
                   333 59010 82603 91023=
201804190600 AAXX 19064 67665 32980 01404 10195 20155 48558 70200
                   333 10205 59009=
201804181800 AAXX 18184 67665 42980 11702 10186 20154 48545 81030
                   333 10266 59007 81030=
201804181500 AAXX 18154 67665 42680 31106 10248 20122 48544 82130
                   333 59007 82845 81360
                   555 10266 91021=
201804181200 AAXX 18124 67665 42680 41208 10252 20140 48555 84200
                   333 58000 84830=
201804180900 AAXX 18094 67665 42480 60708 10219 20147 48570 70222 87500
                   333 59002 87615=
201804171800 AAXX 17184 67665 42980 01404 10173 20140 48454
                   333 58003=
201804171500 AAXX 17154 67665 42780 41207 10241 20126 48549 84500
                   333 58003 84650=
201804171200 AAXX 17124 67665 42680 60812 10243 20139 48554 86500
                   333 58001 86635=
201804170900 AAXX 17094 67665 42580 61012 10219 20136 48561 86500
                   333 58000 86620 91024=
201804161800 AAXX 16184 67665 42980 01503 10181 29156 48547
                   333 59004=
201804161500 AAXX 16154 67665 42680 21206 10243 20152 48543 82500
                   333 58000 82645=
201804161200 AAXX 16124 67665 42680 30906 10253 20155 48554 83500
                   333 58001 83635=
201804160900 AAXX 16094 67665 42580 61210 10231 20162 48573 86500
                   333 59004 86625=
201804142100 AAXX 14214 67665 42980 2//// 10//0 20//0 48/// 70200 82030
                   333 59006 82360=
201804141800 AAXX 14184 67665 42680 40902 10199 20176 48550 70122 83031
                   333 59003 83360 81080 91022=
201804141500 AAXX 14154 67665 42680 60704 10226 20187 48543 70162 85531
                   333 58000 85640 83360 81080=
201804140600 AAXX 14064 67665 32460 70905 70222 86530
                   333 10226 20//0 59008 86515 83360=
201804140300 AAXX 14034 67665 42980 1//// ///// ///// /////70100 81030
                   333 59003 81360=
201804132100 AAXX 13214 67665 42980 51104 10190 20170 48561 70222 85030
                   333 58006 85360=
201804131800 AAXX 13184 67665 42460 71206 10198 20166 48553 8253/
                   333 10226 58008 82610 87359=
201804131200 AAXX 13124 67665 42560 81209 10219 20165 48555 885//
                   333 58024 88620=
201804130900 AAXX 13094 67665 42460 70912 10198 20173 48574 70322 875//
                   333 59002 87609=
201804130600 AAXX 13064 67665 32460 80911 10188 20156 48567 8653/
                   333 10249 59003 86610 88360
                   555 00///=
201804130000 AAXX 13004 67665 42380 61008 10183 20161 48547 83630
                   333 58031 83705 85360=
201804121500 AAXX 12154 67665 42680 70807 10213 20166 48531 86830
                   333 58033 83620 82840 85360=
201804120900 AAXX 12094 67665 42580 61118 10234 20146 48551 85530
                   333 58014 85620 83360=
201804111800 AAXX 11184 67665 42980 21206 10207 20184 48512 82032
                   333 10287 59008 82360 81080=
201804111500 AAXX 11154 67665 42680 51111 10255 20171 48504 81932
                   333 59005 81948 83850 81360 81080
                   555 10287=
201804111200 AAXX 11124 67665 42680 51209 10272 20164 48509 85201
                   333 59013 85840 81080=
201804110900 AAXX 11094 67665 42680 61008 10254 20177 48540 86500
                   333 59016 86630=
201804101800 AAXX 10184 67665 42/80 11304 10208 20181 48520 81360
                   333 59009 819// 81358=
201804101500 AAXX 10154 67665 42680 51105 10258 20180 48519 81302
                   333 59019 81940 83840 85080=
201804101200 AAXX 10124 67665 42680 51105 10268 20164 48523 85200
                   333 59016 85833=
201804100900 AAXX 10094 67665 42580 60909 20171 48540 86500
                   333 59014 86620 91020=
201804100600 AAXX 10064 67665 32360 61110 10194 20178 48534 70225 86600
                   333 10199 59013 86706 91020=
201804091200 AAXX 09124 67665 NIL=
201804090600 AAXX 09064 67665 NIL=
201804082100 AAXX 08214 67665 42980 11203 10182 20165 48534 80001
                   333 58005 81080=
201804081800 AAXX 08184 67665 42980 21404 10200 20161 48525 70200 81031
                   333 58006 81360 82080 91019=
201804081500 AAXX 08154 67665 42680 21011 10271 20162 48525 70112
                   333 58015 82848 81360 81080 91018=
201804081200 AAXX 08124 67665 42680 51010 10277 20177 48540 84230
                   333 58022 84840 82360 91020=
201804072100 AAXX 07214 67665 42980 21702 10196 20174 48531 82030
                   333 58015 82360=
201804071800 AAXX 07184 67665 42760 51305 10206 20184 48520 81932
                   333 10295 58010 81956 84359 83080=
201804071500 AAXX 07154 67665 42660 60911 10259 20174 48508 71722 81932
                   333 58008 81945 84850 83359 83080=
201804071200 AAXX 07124 67665 42680 60908 10290 20167 48519 85230
                   333 58011 85840 82360=
201804070900 AAXX 07094 67665 42980 50709 10265 20183 48534 70310 85500
                   333 58002 85630 91019=
201804070600 AAXX 07064 67665 31980 20401 10194 20174 48525 72844 80001
                   333 10274 20//0 58006 82080=
201804070300 AAXX 07034 67665 42980 01203 10178 20171 48515 70200
                   333 58016=
201804070000 AAXX 07004 67665 42980 01402 10179 20171 48511 70200
                   333 58011=
201804062100 AAXX 06214 67665 42980 21902 10190 20175 48516 70200 80001
                   333 58009 82080=
201804060900 AAXX 06094 67665 42480 70503 10246 20184 48530 86532
                   333 58014 86618 83360 84080=
201804060600 AAXX 06064 67665 42380 70000 10195 20179 48521 85732
                   333 10290 58007 85709 82360 83080
                   555 00///=
201804060300 AAXX 06034 67665 42980 31803 10183 20175 48499 83031
                   333 83360 81080=
201804060000 AAXX 06004 67665 41760 60502 10194 20178 48497 81970
                   333 59012 81956 86459=
201804052100 AAXX 05214 67665 41780 40302 10201 20186 48508 71300 81930
                   333 59001 81957 84360 91017=
201804051800 AAXX 05184 67665 41780 31402 10213 20177 48498 71300 81901
                   333 59008 81956 83080=
201804051500 AAXX 05154 67665 42780 31108 10277 20153 48482 83201
                   333 59013 83850 83080=
201804051200 AAXX 05124 67665 42680 40608 10288 20153 48496 83230
                   333 59027 83835 82360=
201804050900 AAXX 05094 67665 42580 50308 10258 20177 48517 85100
                   333 59016 85820=
201804050600 AAXX 05064 67665 32380 31108 10208 20180 48515 83630
                   333 10282 20//0 59020 83708 81360=
201804041800 AAXX 04184 67665 42980 21303 10206 20183 48505 82030
                   333 10282 59003 82360=
201804041200 AAXX 04124 67665 42680 60505 10266 20166 48522 85230
                   333 58006 85835 83360=
201804040900 AAXX 04094 67665 42580 60809 10242 20174 48540 70122 85530
                   333 58006 85620 84360=
201804040600 AAXX 04064 67665 32480 61008 10194 20156 48533 81630
                   333 10266 20//0 81610 86360=
201804030900 AAXX 03094 67665 42580 60812 10231 20167 48533 86500
                   333 59006 86620 91020=
201804022100 AAXX 02214 67665 42980 11203 10179 20164 48509 81030
                   333 59010 81360=
201804021800 AAXX 02184 67665 42980 11204 10199 20168 48503 81030
                   333 59005 81359=
201804021500 AAXX 02154 67665 42680 10246 20158 48497 81230
                   333 59004 81842 85358=
201804021200 AAXX 02124 67665 42580 40908 10261 20158 48506 84800
                   333 59012 83628 82830=
201804020900 AAXX 02094 67665 42580 50913 10244 20175 48529 85800
                   333 59009 83620 83822=
201804011800 AAXX 01184 67665 42780 21402 10200 20178 48508 81930
                   333 59003 81956 81360=
201804011500 AAXX 01154 67665 42680 41009 10242 20159 48500 84230
                   333 59009 84845 82360=
201804010900 AAXX 01094 67665 42480 71108 10229 20184 48536 70222 85530
                   333 59008 85615 86360=

################################################################################
#  SYNOPS from 67666, Lusaka City Airport (Zambia) | 15-25-00S | 028-28-00E | 1280 m
################################################################################
201804301200 AAXX 30124 67666 NIL=
201804300600 AAXX 30064 67666 32980 00908 10189 20135 48547 70300
                   333 10269 20169 58000 91023=
201804270600 AAXX 27064 67666 32980 71005 10183 20128 48554 87030
                   333 10259 20129 58003 87360 91023=
201804250600 AAXX 25064 67666 32980 00906 10174 20112 48546
                   333 10261 20130 58004 91023=
201804240600 AAXX 24064 67666 31970 01109 10192 20145 48552 70500
                   333 10270 20160 58007 91022=
201804230600 AAXX 23064 67666 32980 41011 10191 20158 48545 70300 84030
                   333 10271 20150 58007 84360 91022=
201804201200 AAXX 20124 67666 NIL=
201804200600 AAXX 20064 67666 32580 40903 10212 20151 48544 70222 83130
                   333 10275 20140 59010 83820 82358 91021=
201804190600 AAXX 19064 67666 32980 00904 10193 20149 48548
                   333 10250 20125 59005 91022=
201804170600 AAXX 17064 67666 32480 30910 10174 20146 48552 83500
                   333 10252 20159 59006 83612 91023=
201804160600 AAXX 16064 67666 32480 70908 10179 20155 48555 70222 875//
                   333 10252 20161 58000 87609 91023=
201804120600 AAXX 12064 67666 12480 61210 10189 20164 48536 60044 85830
                   333 10271 20179 58005 85615 82818 83360 91021=
201804100600 AAXX 10064 67666 11480 70903 10186 20170 48519 60014 72566 875//
                   333 10257 20178 59013 87610 91020=
201804091200 AAXX 09124 67666 NIL=
201804090600 AAXX 09064 67666 32380 70910 10193 20166 48540 70320 876//
                   333 10272 20180 5//// 87709 91021=
201804050600 AAXX 05064 67666 32480 50908 10204 20179 48500 70311 83470
                   333 10272 20180 59019 83615 83359 91017=
201804040600 AAXX 04064 67666 32480 71112 10195 20172 48528 70322 8553/
                   333 10260 20176 58015 85610 87358 91019=

################################################################################
#  SYNOPS from 67667, Mount Makulu (Zambia) | 15-33S | 028-15E | 1213 m
################################################################################
201804301200 AAXX 30124 67667 NIL=
201804300600 AAXX 30064 67667 32980 10904 10198 20145 48592 80001
                   333 10302 20145 59000 81080=
201804270600 AAXX 27064 67667 32980 51002 10190 20142 48591 85030
                   333 10279 20078 58000 85360=
201804260600 AAXX 26064 67667 32980 00910 10186 20109 48589
                   333 10274 20095 59001=
201804250600 AAXX 25064 67667 32980 01306 10186 20125 48595
                   333 10290 20110 58000=
201804240600 AAXX 24064 67667 32680 11205 10200 20164 48589 81100
                   333 10296 20130 58001 81830=
201804230600 AAXX 23064 67667 32980 60903 10200 20162 48581 86030
                   333 10306 20124 58001 86360=
201804201200 AAXX 20124 67667 NIL=
201804200600 AAXX 20064 67667 32680 3//// 10210 20165 48580 83100
                   333 10298 20094 59001 83830=
201804190600 AAXX 19064 67667 32980 00901 10202 20155 48585
                   333 10290 20091 59001=
201804180600 AAXX 18064 67667 32580 10906 10190 20160 48593 81100
                   333 10270 20122 58000 81825=
201804170600 AAXX 17064 67667 32580 51005 10186 20142 48591 85500
                   333 10280 20134 59001 85625=
201804160600 AAXX 16064 67667 32580 31207 10190 20160 48595 83102
                   333 10280 20136 58001 83825 81080=
201804130600 AAXX 13064 67667 32580 70908 10192 20160 48597 87502
                   333 10265 20110 58003 87625 83080=
201804120600 AAXX 12064 67667 32580 61606 10198 20180 48574 84102
                   333 10314 20132 58001 84825 85080=
201804100600 AAXX 10064 67667 32580 50902 10196 20187 48584 70222 85500
                   333 10298 20116 58013 85625=
201804091200 AAXX 09124 67667 NIL=
201804090600 AAXX 09064 67667 32580 20701 10204 20170 48597 70200 82500
                   333 10298 20104 59030 82625=
201804050600 AAXX 05064 67667 32580 30904 10220 20187 48546 81102
                   333 10304 20126 59002 81825 83080=
201804040600 AAXX 04064 67667 32580 70901 10205 20188 48583 87500
                   333 10292 20114 58014 87625=

################################################################################
#  SYNOPS from 67673, Petauke (Zambia) | 14-15S | 031-17E | 1035 m
################################################################################
201804301200 AAXX 30124 67673 NIL=
201804300600 AAXX 30064 67673 32584 31002 10220 20173 48573 82130
                   333 10300 20153 58028 82825 83360=
201804270600 AAXX 27064 67673 32984 20902 10244 20176 48569 82030
                   333 10280 20170 59003 82360=
201804261200 AAXX 26124 67673 42684 60902 10274 20168 48532 86200
                   333 59024 86835=
201804260900 AAXX 26094 67673 42684 50908 10244 20178 48567 85200
                   333 58021 85830=
201804260600 AAXX 26064 67673 32584 30904 10224 20178 48568 83130
                   333 10285 20137 58010 83828 82360=
201804240600 AAXX 24064 67673 32980 00903 10210 20175 48553
                   333 10294 20145 59009=
201804231200 AAXX 23124 67673 42680 60601 10278 20185 48550 86200
                   333 5//// 86840=
201804230600 AAXX 23064 67673 32980 40502 10230 20178 48565 84030
                   333 10304 20158 58009 84360=
201804201200 AAXX 20124 67673 NIL=
201804200600 AAXX 20064 67673 32980 10000 10250 20185 48549 81030
                   333 10306 20165 59022 81360=
201804191200 AAXX 19124 67673 42684 60901 10280 20190 48554 84200
                   333 59011 84840=
201804180600 AAXX 18064 67673 32584 30802 10210 20180 48571 82131
                   333 10270 20150 58022 82825 83360 81080=
201804170600 AAXX 17064 67673 32580 31207 10205 20175 48548 83100
                   333 10275 20150 59014 83830=
201804160600 AAXX 16064 67673 32980 60904 10215 20180 48553 81038
                   333 10270 20160 58005 81360 85280=
201804130600 AAXX 13064 67673 32580 81003 10200 20188 48562 8257/
                   333 10255 20180 58027 82620 88460=
201804100600 AAXX 10064 67673 12584 61201 10208 20195 48539 69944 86831
                   333 10290 20185 58004 83825 83626 85360 82080=
201804091200 AAXX 09124 67673 NIL=
201804090600 AAXX 09064 67673 12580 71003 10210 20190 48535 69904 86501
                   333 10310 20180 58005 86620 82080=
201804060900 AAXX 06094 67673 42684 53002 10272 20212 48519 85101
                   333 59017 85832 82080=
201804060600 AAXX 06064 67673 12584 43601 10240 20208 48521 60024 84131
                   333 10300 20186 58004 84828 82360 81080=

################################################################################
#  SYNOPS from 67731, Senanga (Zambia) | 16-06S | 023-16E | 1027 m
################################################################################
201804301200 AAXX 30124 67731 NIL=
201804300600 AAXX 30064 67731 32580 713// 10214 20154 48/// 70222 84620
                   333 10273 20189 58004 84725 86460
                   555 00172=
201804270600 AAXX 27064 67731 32980 011// 10220 20110 48///
                   333 10287 20132 59003
                   555 00075=
201804260600 AAXX 26064 67731 32980 013// 10208 20113 48///
                   333 10295 20134 58015
                   555 00063=
201804250600 AAXX 25064 67731 32980 018// 10229 20146 48///
                   333 10302 20159 58012
                   555 00132=
201804240600 AAXX 24064 67731 32980 012// 10219 20148 48///
                   333 10296 20162 58008
                   555 00088=
201804201200 AAXX 20124 67731 NIL=
201804200600 AAXX 20064 67731 32980 031// 10233 20132 48///
                   333 10328 20173 59003
                   555 00164=
201804190600 AAXX 19064 67731 32980 014// 10237 20162 48///
                   333 10297 20171 59015
                   555 00161=
201804180600 AAXX 18064 67731 32980 014// 10212 20155 48///
                   333 10289 20173 58006
                   555 00113=
201804170600 AAXX 17064 67731 32980 003// 10224 20166 48///
                   333 10292 20180 59007
                   555 00119=
201804160600 AAXX 16064 67731 12680 110// 10220 20193 48/// 60014 70100 81600
                   333 10283 20185 58020 81732
                   555 00138=
201804120600 AAXX 12064 67731 32480 501// 10234 20168 48/// 70222 83530
                   333 10307 20196 59002 84615 84360
                   555 00171=
201804100600 AAXX 10064 67731 32980 012// 10222 20181 48///
                   333 10256 20180 59013
                   555 00137=
201804091200 AAXX 09124 67731 NIL=
201804090600 AAXX 09064 67731 12980 509// 10222 20150 48/// 60274 70222 84032
                   333 10283 20169 58020 84360 85080
                   555 00144=
201804060600 AAXX 06064 67731 12980 813// 10201 20185 48/// 60344 70222 86027
                   333 10225 20186 58003 86460 87280
                   555 00153=
201804050600 AAXX 05064 67731 12480 812// 10206 20196 48/// 60044 70222 83527
                   333 10271 20200 59021 83612 86460 87280
                   555 00172=
201804040600 AAXX 04064 67731 32480 827// 10215 20190 48/// 70222 86727
                   333 10287 20210 58017 86715 86460 85280
                   555 00174=

################################################################################
#  SYNOPS from 67741, Sesheke (Zambia) | 17-28S | 024-18E | 949 m
################################################################################
201804301200 AAXX 30124 67741 NIL=
201804300600 AAXX 30064 67741 32980 60000 10164 20158 48545 86030
                   333 10292 20110 58003 86362=
201804260600 AAXX 26064 67741 32980 00000 10194 20119 48551
                   333 10289 20122 58003
                   555 00068=
201804240600 AAXX 24064 67741 32980 00000 10168 20152 48547
                   333 10299 20108 58010
                   555 00109=
201804230600 AAXX 23064 67741 32980 00000 10194 20156 48542
                   333 10322 20122 58013=
201804201200 AAXX 20124 67741 NIL=
201804170600 AAXX 17064 67741 32980 10901 10199 20169 48553 80001
                   333 10290 20139 59001 81080
                   555 00117=
201804160600 AAXX 16064 67741 32680 10801 10208 20185 48565 81530
                   333 10293 20159 58001 81650 81362=
201804120600 AAXX 12064 67741 32680 21101 10224 20189 48531 82500
                   333 10302 20124 58005 82650
                   555 00112=
201804091200 AAXX 09124 67741 NIL=
201804090600 AAXX 09064 67741 32980 40000 10210 20203 48546 81082
                   333 10310 20178 58007 81361 84080=
201804050600 AAXX 05064 67741 11680 71903 10204 20198 48497 60034 72162 875//
                   333 10306 20192 59022 87640
                   555 00184=
201804040600 AAXX 04064 67741 32980 50000 10195 20174 48514 85040
                   333 10298 20147 58009 85362
                   555 00111=

################################################################################
#  SYNOPS from 67743, Livingstone (Zambia) | 17-49S | 025-49E | 985 m
################################################################################
201804301200 AAXX 30124 67743 NIL=
201804300600 AAXX 30064 67743 32780 21304 10183 20109 48547 70300 82030
                   333 10305 20124 58001 82359 91022=
201804270600 AAXX 27064 67743 32980 00201 10104 20104 48550
                   333 10292 20095 58002=
201804260600 AAXX 26064 67743 32980 00705 10175 20088 48546
                   333 10300 20105 58000=
201804201200 AAXX 20124 67743 NIL=
201804200600 AAXX 20064 67743 32980 02201 10198 20132 48539
                   333 10306 20132 59010 91020=
201804190600 AAXX 19064 67743 32980 02601 10201 20138 48542
                   333 10295 20139 59012 91021=
201804180600 AAXX 18064 67743 32980 10806 10186 20137 48557 81030
                   333 10295 20145 58001 81360 91022=
201804170600 AAXX 17064 67743 32980 01107 10180 20142 48548
                   333 10280 20144 59007 91022=
201804130600 AAXX 13064 67743 32980 51108 10192 20150 48559 70222 82031
                   333 10258 20155 58027 82358 84078 91023=
201804120600 AAXX 12064 67743 32580 31012 10202 20154 48537 70200 82530
                   333 10305 20186 58014 82620 81359 91020=
201804100600 AAXX 10064 67743 32980 10907 10199 20169 48523 70211 80001
                   333 10292 20165 59020 81078 91019=
201804091200 AAXX 09124 67743 NIL=
201804090600 AAXX 09064 67743 32580 51005 10186 20164 48539 81531
                   333 10280 20164 58014 81615 83359 82079 91021=
201804060600 AAXX 06064 67743 11450 80909 10178 20168 48508 60264 76362 877//
                   333 10281 20174 58012 87708 85457 91018=
201804050600 AAXX 05064 67743 32580 61305 10208 20169 48504 70222 82530
                   333 10305 20186 59018 82625 86359 91016=

################################################################################
#  SYNOPS from 67751, Magoye (Zambia) | 16-00S | 027-36E | 1018 m
################################################################################
201804301200 AAXX 30124 67751 NIL=
201804300600 AAXX 30064 67751 32980 10402 10216 20155 48/// 70200 81040
                   333 10290 20122 59011 81360=
201804270600 AAXX 27064 67751 32980 00000 10175 20139 48///
                   333 10284 20108 5////=
201804260600 AAXX 26064 67751 32980 00000 10156 20102 48///
                   333 10280 20090 5////=
201804250600 AAXX 25064 67751 32980 00000 10190 20144 48///
                   333 10297 20120 59007=
201804240600 AAXX 24064 67751 12980 00000 10192 20170 48/// 69914
                   333 10304 20142 59005=
201804201200 AAXX 20124 67751 NIL=
201804200600 AAXX 20064 67751 32980 10000 10211 20163 48/// 81040
                   333 10298 20112 58002 81360=
201804180600 AAXX 18064 67751 32980 01201 10195 20160 48///
                   333 10301 20117 58001=
201804170600 AAXX 17064 67751 32980 01202 10202 20168 48/// 70200
                   333 10268 20098 58000=
201804160600 AAXX 16064 67751 32980 00803 10216 20172 48/// 70200
                   333 10298 20100 5////=
201804130600 AAXX 13064 67751 42480 70905 10200 20174 48/// 875//
                   333 10274 20168 5//// 87612=
201804120600 AAXX 12064 67751 12980 60910 10215 20181 69914 87030
                   333 10305 20170 5//// 87360=
201804100600 AAXX 10064 67751 12980 10000 10208 20195 48/// 60034 81040
                   333 10287 20180 58018 81360=
201804091200 AAXX 09124 67751 NIL=
201804090600 AAXX 09064 67751 32980 15701 10210 20195 48/// 80001
                   333 10294 20176 59013 81080=
201804060600 AAXX 06064 67751 12980 10402 10196 20190 48/// 60054 70222 8701/
                   333 10296 20182 58035 87460=

################################################################################
#  SYNOPS from 67753, Choma (Zambia) | 16-50S | 027-04E | 1213 m
################################################################################
201804301200 AAXX 30124 67753 NIL=
201804270600 AAXX 27064 67753 32960 20000 10152 20133 48544 82030
                   333 10244 20099 59007 82360=
201804260600 AAXX 26064 67753 32960 01904 10180 20130 48566
                   333 10262 20099 58000=
201804250600 AAXX 25064 67753 32960 02702 10180 20166 48547
                   333 10270 20149 58005=
201804230600 AAXX 23064 67753 31950 90000 10180 20180 48547 74342 89///
                   333 10289 20150 58013=
201804201200 AAXX 20124 67753 NIL=
201804170600 AAXX 17064 67753 32560 80806 10172 20169 48555 8255/
                   333 10253 20136 59003 82620 86360=
201804120600 AAXX 12064 67753 11358 82704 10181 20179 48537 60084 75655 886//
                   333 10274 20170 5//// 88705=
201804091200 AAXX 09124 67753 NIL=
201804090600 AAXX 09064 67753 12560 30000 10194 20186 48536 60054 83800
                   333 10270 20160 59009 82620 81825=
201804040600 AAXX 04064 67753 32960 22707 10195 20174 48520 82030
                   333 10260 20138 58012 82360=

################################################################################
#  SYNOPS from 67855, Lupaki (Zambia) | 17-03-00S | 024-46-00E | 1000 m
################################################################################
201805010600 AAXX 01064 67855 31970 23601 10162 20118 3//// 48/// 70500 82030
                   333 20113 5//// 82360=
201804301500 AAXX 30154 67855 41770 30000 10276 20123 3//// 48/// 70511 81260
                   333 5//// 81856 83360=
201804301200 AAXX 30124 67855 41770 50000 10296 20125 3//// 48/// 70511 85200
                   333 5//// 85856=
201804300900 AAXX 30094 67855 41970 11705 10264 20134 3//// 48/// 70511 81030
                   333 5//// 81360=
201804300600 AAXX 30064 67855 31970 50301 101948 20102 3//// 48/// 70522 85070
                   333 20105 5//// 85360=
201804291200 AAXX 29124 67855 41770 50000 10296 20125 3//// 48/// 70511 85100
                   333 5//// 85856=
201804280900 AAXX 28094 67855 41670 10000 10264 20123 3//// 48/// 70500 81100
                   333 5//// 81830=
201804280600 AAXX 28064 67855 31970 00000 10132 20100 3//// 48/// 70500
                   333 20089 5////=
201804261500 AAXX 26154 67855 41970 00000 10272 20117 3//// 48/// 70500
                   333 5////=
201804261200 AAXX 26124 67855 41970 00401 10276 20093 3//// 48/// 70500
                   333 5////=
201804260600 AAXX 26064 67855 31970 00000 10130 20088 3//// 48/// 70500
                   333 20075 5////=
201804250600 AAXX 25064 67855 31970 00000 10138 20102 3//// 48/// 70500
                   333 20088 5////=
201804240600 AAXX 24064 67855 31970 00000 10148 20113 3//// 48/// 70500
                   333 20089 5////=
201804230900 AAXX 23094 67855 41970 00202 10276 20122 3//// 48/// 70500
                   333 5////=
201804230600 AAXX 23064 67855 31970 00000 10148 20129 3//// 48/// 70500
                   333 20106 5////=
201804220600 AAXX 22064 67855 31970 00201 10182 20175 3//// 48/// 70500
                   333 20135 5////=
201804211200 AAXX 21124 67855 41770 52001 10292 20153 3//// 48/// 70511 85230
                   333 5//// 85856=
201804210600 AAXX 21064 67855 31970 00603 10204 20159 3//// 48/// 70500
                   333 20140 5////=
201804191200 AAXX 19124 67855 41770 52001 10298 20110 3//// 48/// 70511 85200
                   333 5//// 85856=
201804190900 AAXX 19094 67855 41670 10901 10280 20120 3//// 48/// 70500 81130
                   333 5//// 81845=
201804190600 AAXX 19064 67855 31970 10000 10170 20138 3//// 48/// 70500 81030
                   333 20117 5//// 81360=
201804180600 AAXX 18064 67855 31970 00000 10170 20138 3//// 48/// 70500
                   333 20122 5////=
201804170900 AAXX 17094 67855 41670 20301 10254 20109 3//// 48/// 70500 82100
                   333 5//// 82830=
201804161500 AAXX 16154 67855 41770 10000 10280 20133 3//// 48/// 70500 81160
                   333 5//// 81850=
201804161200 AAXX 16124 67855 41770 20501 10286 20138 3//// 48/// 70500 82100
                   333 5//// 82850=
201804151200 AAXX 15124 67855 41770 53601 10300 20158 3//// 48/// 70511 85200
                   333 5//// 85856=
201804150600 AAXX 15064 67855 31970 40308 10200 20161 3//// 48/// 70500 84070
                   333 20158 5//// 84459=
201804141500 AAXX 14154 67855 41770 40000 10290 20189 3//// 48/// 70511 81260
                   333 5//// 81850 84360=
201804141200 AAXX 14124 67855 41770 50000 10282 20168 3//// 48/// 70511 85200
                   333 5//// 85850=
201804140900 AAXX 14094 67855 41670 40701 10260 20170 3//// 48/// 70500 84200
                   333 5//// 84835=
201804130600 AAXX 13064 67855 31570 50805 10182 20144 3//// 48/// 70511 85500
                   333 20164 5//// 85620=
201804121500 AAXX 12154 67855 42675 80903 10234 20158 3//// 48/// 885//
                   333 5//// 88640=
201804121200 AAXX 12124 67855 42675 70712 10272 20154 3//// 48/// 875//
                   333 5//// 87640=
201804120900 AAXX 12094 67855 42675 70510 10246 20160 3//// 48/// 875//
                   333 5//// 87630=
201804120600 AAXX 12064 67855 12570 70709 10194 20148 3//// 48/// 69904 70500 81500
                   333 20148 5//// 81620=
201804111200 AAXX 11124 67855 42775 50405 10306 20165 3//// 48/// 85232
                   333 5//// 85850=
201804100900 AAXX 10094 67855 42675 30102 10272 20167 3//// 48/// 83100
                   333 5//// 83830=
201804100600 AAXX 10064 67855 32975 31801 10192 20175 48/// 83030
                   333 20155 5//// 83360=
201804091500 AAXX 09154 67855 41775 71901 10264 20185 3//// 48/// 70282 81272
                   333 5//// 81850 87459=
201804091200 AAXX 09124 67855 42775 70000 10268 20183 3//// 48/// 86502
                   333 58006 86630=
201804090900 AAXX 09094 67855 42675 71907 10266 20162 3//// 48/// 84202
                   333 5//// 84840 87080=
201804090600 AAXX 09064 67855 12975 70907 10202 20169 3//// 48/// 69904 81031
                   333 20170 5//// 81360 87080=
201804080600 AAXX 08064 67855 12975 70000 10200 20193 3//// 48/// 60824 8707/
                   333 20185 5//// 87459=
201804071200 AAXX 07124 67855 42775 50000 10300 20203 3//// 48/// 85231
                   333 5//// 85856=
201804070900 AAXX 07094 67855 42775 33602 10282 20210 3//// 48/// 81101
                   333 5//// 81850 83080=
201804070600 AAXX 07064 67855 12975 50000 10192 20185 3//// 48/// 60194 80002
                   333 20165 5//// 85080=
201804061500 AAXX 06154 67855 41970 70000 10216 20208 3//// 48/// 76098 8707/
                   333 5//// 87459=
201804061200 AAXX 06124 67855 41670 80000 10200 20188 3//// 48/// 79598 85273
                   333 5//// 81930 84835 88458=
201804051200 AAXX 05124 67855 41770 53508 10308 20178 3//// 48/// 70511 85231
                   333 5//// 85856=
201804040900 AAXX 04094 67855 41670 50406 10270 20185 3//// 48/// 70511 85200
                   333 5//// 85845=
201804031500 AAXX 03154 67855 41770 20000 10290 20175 3//// 48/// 70511 82260
                   333 5//// 82856=
201804030600 AAXX 03064 67855 31970 11403 10206 20163 3//// 48/// 70500 81030
                   333 20173 5//// 81360=
201804020600 AAXX 02064 67855 32975 00703 10182 20155 3//// 48///
                   333 20141 5////=
201804011200 AAXX 01124 67855 42775 21802 10282 20202 3//// 48/// 82100
                   333 5//// 82850=
201804010600 AAXX 01064 67855 12975 00401 10172 20163 3//// 48/// 60024
                   333 20140 5////=
