################################################################################
# Query made at 04/15/2022 02:05:06 UTC
# Country like Zamb*
# Time interval: from 10/01/2009 05:30  to 10/31/2009 06:30  UTC
################################################################################

################################################################################
#  SYNOPS from 67441, Mwinilunga (Zambia) | 11-45S | 024-26E | 1361 m
################################################################################
200910291200 AAXX 29124 67441 41675 70000 10299 20148 70522 86262
                   333 5//// 86840 82362 81080=
200910290600 AAXX 29064 67441 NIL=
200910280600 AAXX 28064 67441 11965 40914 10233 20140 48552 69904 70522 80004
                   333 10320 20/// 59009 84080=
200910270600 AAXX 27064 67441 31956 01108 10291 20174 48586 70500
                   333 10396 20205 58039=
200910200600 AAXX 20064 67441 11965 70000 10191 20149 48543 69904 70522 80008
                   333 10310 20/// 58002 87280=
200910190600 AAXX 19064 67441 11960 70000 10185 20167 48541 69904 70522 8703/
                   333 10300 20/// 5//// 87360=
200910161200 AAXX 16124 67441 31970 00000 10236 20182 48552 70500
                   333 10320 20//0 58004=
200910161000 AAXX 16104 67441 31970 00000 10236 20182 48552 70500
                   333 10320 20//0 58004=
200910160900 AAXX 16094 67441 41670 50000 10278 20173 48554 70521 85100
                   333 58007 85840=
200910150600 AAXX 15064 67441 11965 10000 10190 20166 48543 60044 70500 80001
                   333 10310 20/// 58007 82080=
200910140600 AAXX 14064 67441 31960 70000 10185 20156 48536 70522 81036
                   333 10335 20/// 59003 81360 87280=
200910130600 AAXX 13064 67441 31965 20000 10204 20155 48567 70512 80001
                   333 10330 20/// 5//// 82080=
200910120600 AAXX 12064 67441 11965 30000 10190 20158 48547 69904 70500 83030
                   333 10305 20/// 5//// 83360=
200910080600 AAXX 08064 67441 NIL=
200910071200 AAXX 07124 67441 11975 60000 10205 20174 48/// 69904 70522 80008
                   333 10305 20/// 5//// 86280=
200910050600 AAXX 05064 67441 NIL=
200910010600 AAXX 01064 67441 31960 10000 10205 20130 48564 70500 80001
                   333 10315 20/// 59008 81080=

################################################################################
#  SYNOPS from 67461, Mansa (Zambia) | 11-06S | 028-51E | 1382 m
################################################################################
200910291200 AAXX 29121 67461 41865 51005 10332 20124 48471 70522 83208
                   333 59024 83857 85280=
200910290600 AAXX 29064 67461 31965 31005 10245 20116 48510 70500 80001
                   333 10330 20172 59018 83080=
200910280600 AAXX 28064 67461 31965 31203 10249 20140 48521 70500 80001
                   333 10315 20168 59013 83080=
200910271200 AAXX 27124 67461 41865 50906 10326 20104 48508 70510 82108
                   333 58007 82857 85280=
200910270600 AAXX 27064 67461 31965 50904 10246 20140 48541 70522 80008
                   333 10340 58016 85280=
200910200600 AAXX 20064 67461 31970 40908 10227 20148 48524 70500 80002
                   333 10334 20179 58005 84080=
200910190600 AAXX 19064 67461 NIL=
200910161200 AAXX 16124 67461 31965 11001 10246 20243 48523 70500 80001
                   333 10324 20171 58017 81080=
200910161000 AAXX 16104 67461 31965 11001 10246 20243 48523 70500 80001
                   333 10324 20171 58017 81080=
200910160600 AAXX 16064 67461 31965 11001 10246 20143 48523 70500 80001
                   333 10324 20171 58017 81080=
200910150600 AAXX 15064 67461 31960 61608 10234 20115 48502 70522 80008
                   333 10339 20163 59003 86280=
200910141200 AAXX 14124 67461 41765 71004 10318 20108 48483 70522 82108
                   333 59003 82857 87280=
200910140600 AAXX 14064 67461 31965 60902 10242 20151 48515 70522 80008
                   333 10340 20174 59004 86280=
200910130600 AAXX 13064 67461 31965 30901 10236 20135 48512 70500 80001
                   333 10320 20166 59005 83080=
200910120600 AAXX 12064 67461 31965 60908 10238 20140 48508 70522 80008
                   333 10326 20165 59012 86280=
200910080600 AAXX 08064 67461 31965 60402 10234 20158 48534 70522 80008
                   333 10340 20/// 58004 86280=
200910071200 AAXX 07124 67461 31965 50502 10239 20179 48526 70522 80008
                   333 10290 20195 58003 85280=
200910050600 AAXX 05064 67461 11965 70000 10198 20186 48531 60074 70522 8707/
                   333 10329 20176 59003 87462=
200910010600 AAXX 01064 67461 NIL=

################################################################################
#  SYNOPS from 67475, Kasama (Zambia) | 10-13S | 031-08E | 1382 m
################################################################################
200910290600 AAXX 29064 67475 31975 30816 10225 20143 48510 70510 80002
                   333 10326 20180 59014 82080=
200910280600 AAXX 28064 67475 31970 30410 10235 20133 48523 70500 80001
                   333 10325 20175 59014 83080=
200910270600 AAXX 27064 67475 31975 50915 10242 20123 48537 70522 80001
                   333 10332 20185 58013 85080=
200910200600 AAXX 20064 67475 31970 20810 10233 20131 48530 70500 80001
                   333 10326 20172 58011 82080=
200910191200 AAXX 19124 67475 41970 51904 10315 20085 48487 70522 85200
                   333 59012 85856=
200910190600 AAXX 19064 67475 31970 00420 10240 20116 48521 70500
                   333 10306 20160 58003=
200910161200 AAXX 16124 67475 31970 50308 10236 20136 48527 70511 80002
                   333 10318 20168 58007 85080=
200910161000 AAXX 16104 67475 31970 50308 10236 20136 48527 70511 80002
                   333 10318 20168 58007 85080=
200910160600 AAXX 1606/ 67475 31970 50308 10236 20136 48527 70511 80002
                   333 10318 20168 58007 85080=
200910150600 AAXX 15064 67475 31970 70610 10238 20133 48519 70522 81037
                   333 10326 20179 58000 81360 87280=
200910140600 AAXX 14064 67475 31970 70310 10204 20122 48512 70500 80002
                   333 10326 20166 59006 87080=
200910130600 AAXX 13064 67475 NIL=
200910120600 AAXX 12064 67475 31970 40308 10221 20142 48525 70511 80001
                   333 10328 20172 59009 84080=
200910080600 AAXX 08064 67475 31970 11808 10245 20139 48526 70500 80001
                   333 10319 20162 59008 81080=
200910071200 AAXX 07124 67475 31975 30307 10235 20132 48533 70510 83030
                   333 10309 20166 58004 83360=
200910070600 AAXX 07064 67475 31975 30307 10235 20132 48533 70510 83030
                   333 10309 20166 58004 83360=
200910050600 AAXX 05064 67475 11570 71806 10197 20178 48538 60224 70522 8313/
                   333 10/// 20171 58004 83820 87360=
200910010600 AAXX 01064 67475 31968 41218 10217 20123 48544 70522 80001
                   333 10312 20147 59015 84082=

################################################################################
#  SYNOPS from 67477, Mpika (Zambia) | 11-54S | 031-26E | 1400 m
################################################################################
200910290600 AAXX 29064 67477 31977 11315 10235 20138 48504 70500 81030
                   333 10310 20188 59018 81363=
200910270600 AAXX 27064 67477 31977 21014 10245 20117 48541 70500 80001
                   333 10319 20197 58020 82083=
200910200600 AAXX 20064 67477 31575 11118 10205 20130 48529 70511 81101
                   333 10310 20175 58013 81828 81080=
200910190600 AAXX 19064 67477 31975 50910 10240 20094 48517 70522 80001
                   333 10314 20180 58004 85080=
200910161200 AAXX 16124 67477 NIL=
200910160600 AAXX 1606/ 67477 NIL=
200910150600 AAXX 15064 67477 31975 11114 10245 20108 48517 70500 80001
                   333 10319 20190 58007 81080=
200910140600 AAXX 14064 67477 31975 20806 10237 20119 48510 70511 80001
                   333 10319 20176 58004 82080=
200910130600 AAXX 13064 67477 31975 10812 10241 20113 48506 70500 80001
                   333 10310 20182 59018=
200910120600 AAXX 12064 67477 31970 01012 10236 20113 48524 70500
                   333 10315 20179 59009=
200910080600 AAXX 08064 67477 11975 31506 10265 20116 48524 69904 70500 80001
                   333 10326 20170 59011 83080=
200910071200 AAXX 07124 67477 31970 11004 10250 20116 48534 70500 81030
                   333 10320 20168 58006 81362=
200910050600 AAXX 05064 67477 11970 01202 10235 20144 48532 60024 70500
                   333 10305 20175 59001=
200910010600 AAXX 01064 67477 31966 01116 10200 20144 48541 70500
                   333 10279 20158 59025=

################################################################################
#  SYNOPS from 67481, Isoka (Zambia) | 10-07S | 032-38E | 1360 m
################################################################################
200910290600 AAXX 29064 67481 31975 30901 10258 20149 48/// 70500 80001
                   333 10331 20170 5//// 83080=

################################################################################
#  SYNOPS from 67531, Zambezi (Zambia) | 13-32S | 023-07E | 1077 m
################################################################################
200910290600 AAXX 29064 67531 31975 11503 10265 20145 48/// 70500 80002
                   333 10356 20185 5//// 81082=
200910280600 AAXX 28064 67531 31975 71003 10251 20136 48/// 70522 80007
                   333 10366 20209 5//// 87281=
200910270600 AAXX 27064 67531 31975 21501 10236 20169 48/// 70500 82032
                   333 10364 20195 5//// 82362 81082=
200910200600 AAXX 20064 67531 31978 30207 10256 20124 48/// 70510 81032
                   333 10350 20196 5//// 81361 83082=
200910190600 AAXX 19064 67531 31978 13301 10230 20153 48/// 70500 80002
                   333 10355 20165 5//// 81082=
200910161200 AAXX 16124 67531 31975 40305 10265 20165 48/// 70500 84030
                   333 10364 20170 5//// 84362=
200910161000 AAXX 16104 67531 31975 40305 10265 20165 48/// 70500 84030
                   333 10364 20170 5//// 84362=
200910160600 AAXX 1606/ 67531 31975 40305 10265 20165 48/// 70500 84030
                   333 10364 20170 5//// 84362=
200910140600 AAXX 14064 67531 11975 73604 10243 20177 48/// 69914 70522 80008
                   333 10350 20192 5//// 87281=
200910130600 AAXX 13064 67531 11975 10304 10236 20166 48/// 60074 70500 80002
                   333 10274 20190 5//// 81081=
200910120600 AAXX 12064 67531 11978 63601 10205 20158 48/// 69904 70522 82088
                   333 10336 20165 5//// 82361 86281=
200910080600 AAXX 08064 67531 NIL=
200910071200 AAXX 07124 67531 31978 63604 10231 20170 48/// 70522 80008
                   333 10364 20166 5//// 86281=
200910050600 AAXX 05064 67531 NIL=
200910010600 AAXX 01064 67531 31978 71305 10209 20161 48/// 69914 70522 8707/
                   333 10350 20145 5//// 87361=

################################################################################
#  SYNOPS from 67541, Kasempa (Zambia) | 13-32S | 025-51E | 1234 m
################################################################################
200910290600 AAXX 29064 67541 NIL=
200910270600 AAXX 27064 67541 NIL=
200910200600 AAXX 20064 67541 31975 00000 10234 20156 48524 70500
                   333 10/// 20/// 58006=
200910190600 AAXX 19064 67541 31970 20000 10227 20151 48517 70500 80001
                   333 10/// 20/// 58008 82080=
200910161200 AAXX 16124 67541 NIL=
200910160600 AAXX 1606/ 67541 NIL=
200910150600 AAXX 15064 67541 NIL=
200910140600 AAXX 14064 67541 NIL=
200910130600 AAXX 13064 67541 31970 10000 10250 20156 48508 70522 80001
                   333 10/// 20/// 59012 81080=
200910120600 AAXX 12064 67541 31970 50000 10230 20154 48518 70522 80001
                   333 10/// 20/// 59006 85080=
200910091200 AAXX 09124 67541 41775 40000 10338 20129 485491 70522 84200
                   333 58003 84856=
200910080600 AAXX 08064 67541 31970 00000 10249 20178 48510 70500
                   333 10/// 20/// 59016=
200910071200 AAXX 07124 67541 31970 70000 10234 20189 48525 70522 80001
                   333 10/// 20/// 58008 87080=
200910050600 AAXX 05064 67541 31970 10000 10221 20187 48523 70522 81030
                   333 10/// 20/// 59003 81362=
200910010600 AAXX 01064 67541 31970 00000 10215 20157 48533 70500
                   333 10/// 20/// 59009=

################################################################################
#  SYNOPS from 67551, Solwezi (Zambia) | 12-11S | 026-23E | 1386 m
################################################################################
200910290600 AAXX 29064 67551 32980 70906 10217 20134 48501 70522 80007
                   333 10324 20152 59016 87280=

################################################################################
#  SYNOPS from 67561, Ndola (Zambia) | 13-00S | 028-39E | 1269 m
################################################################################
200910290900 AAXX 29094 67561 41675 20707 10296 20129 48496 70511 82231
                   333 59015 82845 81361 81080=
200910290600 AAXX 29064 67561 11970 30817 10251 20147 48511 60054 70500 82032
                   333 10326 20185 5//// 82361 82080=
200910270600 AAXX 27064 67561 31965 41007 10259 20113 48547 70511 82031
                   333 10345 20180 58019 82360 82080=
200910231200 AAXX 23124 67561 41875 51305 10312 20113 48517 70511 85200
                   333 59004 85857=
200910230600 AAXX 23064 67561 11970 10238 20061 48556 69904 70511 81031
                   333 10317 20178 58006 81360 81080
                   555 91023=
200910221500 AAXX 22154 67561 41760 61205 10280 20139 48567 70522 83238
                   333 58008 83856 84360 85280=
200910200600 AAXX 20064 67561 31975 31019 10234 20130 48535 70511 81031
                   333 10330 20184 58009 81560 83080=
200910190600 AAXX 19064 67561 31970 20908 10250 20144 48528 70500 82030
                   333 10332 20165 58009 82360=
200910161500 AAXX 16154 67561 41760 41608 10312 20099 48483 70511 84200
                   333 58004 84857=
200910161200 AAXX 16124 67561 41760 50105 10313 20103 48578 70500 85201
                   333 58013 85850 8100=
200910161000 AAXX 16104 67561 31957 40000 10218 20149 48530 70400 83031
                   333 10339 20170 58005 83360 83080=
200910160600 AAXX 16064 67561 31957 40000 10218 20149 48530 70400 83031
                   333 10339 20170 58005 83360 83080=
200910150600 AAXX 15064 67561 31965 01110 10248 20101 48528 70511
                   333 10348 20156 58011=
200910140600 AAXX 14064 67561 31965 50808 10238 20116 48516 70522 80008
                   333 10344 20150 59002 87280=
200910131200 AAXX 13124 67561 41960 40000 10316 20106 48484 70500 84200
                   333 59001 84858=
200910130600 AAXX 13064 67561 31960 20909 10226 20104 48517 70500 82030
                   333 10340 20165 59010 82360=
200910120600 AAXX 12064 67561 31965 10306 10216 20142 48526 70500 80001
                   333 10340 20164 59006 81080=
200910091200 AAXX 09124 67561 41870 41704 10341 20093 48500 70500 84201
                   333 58006 84858 81080=
200910080600 AAXX 08064 67561 31960 40603 10252 20128 48522 70511 80002
                   333 10340 20189 59011 84280=
200910071200 AAXX 07124 67561 31960 30605 10254 20134 48533 70511 81032
                   333 10340 20172 58007 81362 83080=
200910051500 AAXX 05154 67561 41865 51305 10300 20136 48497 70522 83232
                   333 58003 83856 84360 82080=
200910051200 AAXX 05124 67561 41775 50000 10314 20166 48506 70522 84202
                   333 58008 84850 83080=
200910050600 AAXX 05064 67561 11457 70000 10210 20179 48532 60054 70422 81138
                   333 10330 20178 59001 81812 81361 86280=
200910010600 AAXX 01064 67561 31970 30808 10210 20129 48542 70500 80001
                   333 10318 20154 59015 83080=

################################################################################
#  SYNOPS from 67563, Kafironda (Zambia) | 12-36S | 028-07E | 1243 m
################################################################################
200910290600 AAXX 29064 67563 31970 32104 10260 20150 48/// 70500 83030
                   333 10330 20145 59019 83360=

################################################################################
#  SYNOPS from 67571, Serenje (Zambia) | 13-14S | 030-13E | 1384 m
################################################################################
200910290600 AAXX 29064 67571 31975 00905 10244 20134 48517 70500
                   333 10305 20170 59018=

################################################################################
#  SYNOPS from 67580, Msekera (Zambia) | 13-39S | 032-34E | 1025 m
################################################################################
200910290600 AAXX 29064 67580 31975 60905 10268 20162 48/// 70522 86030
                   333 10330 20197 59020 86361=
200910280900 AAXX 28094 67580 41670 40403 10300 20146 48536 70522 84130
                   333 59009 84845 81360=
200910280600 AAXX 28064 67580 31975 51209 10252 20153 48/// 70500 85031
                   333 10322 20206 59029 85360 81080=
200910271200 AAXX 27124 67580 41770 70908 10311 20151 48/// 70521 872//
                   333 58007 81956 86857=
200910231200 AAXX 23124 67580 41775 21606 10301 20136 48/// 70500 82100
                   333 58008 82856=
200910160600 AAXX 16064 67580 31974 01207 10269 20117 48/// 70500
                   333 10330 20179 58001=

################################################################################
#  SYNOPS from 67581, Chipata (Zambia) | 13-33S | 032-35E | 1028 m
################################################################################
200910290600 AAXX 29064 67581 31975 70805 10270 20252 48526 70522 8703/
                   333 10335 20218 59020 87359=
200910281200 AAXX 28124 67581 41670 50403 10315 20132 48507 70522 84130
                   333 59022 84850 81360=
200910280900 AAXX 28094 67581 41775 61206 10296 20148 48/// 70521 86200
                   333 59024 84850=
200910280600 AAXX 28064 67581 31970 30804 10262 20146 48544 70511 83080
                   333 10325 20204 59028 83360=
200910270600 AAXX 27064 67581 31970 00805 10269 20148 48572 70500
                   333 10347 20224 58027=
200910220600 AAXX 22064 67581 32980 00805 10275 20147 48567
                   333 10322 20219 58002=
200910200600 AAXX 20064 67581 31665 30908 10246 20150 48559 70500 83102
                   333 10332 20194 58021 83835 81080=
200910190600 AAXX 19064 67581 31970 30907 10280 20144 48547 70500 80002
                   333 10342 20211 58005 83080=
200910161200 AAXX 16124 67581 32980 00915 10264 20131 48546
                   333 10340 20214 58001=
200910161000 AAXX 16104 67581 32980 00915 10264 20131 48546
                   333 10340 20214 58001=
200910160600 AAXX 16064 67581 32980 00915 10264 20131 48546
                   333 10340 20214 58001=
200910150600 AAXX 15064 67581 31670 10810 10270 20140 48547 70510 81102
                   333 10339 20210 58012 81840 81080=
200910140600 AAXX 14064 67581 32980 10806 10270 20135 48533 80002
                   333 10341 20223 59001 81080=
200910130900 AAXX 13094 67581 42680 30905 10307 20121 48530 70200 81300
                   333 59010 83840 Q1016.6=
200910130600 AAXX 13064 67581 32980 00915 10255 20140 4852770200
                   333 10330 20223 59007 Q1018.1=
200910120600 AAXX 12064 67581 32670 10813 10270 20134 48543 70510 81100
                   333 10331 20220 59017 81840=
200910081200 AAXX 08124 67581 41670 71003 10339 20122 48510 70511 83100
                   333 59003 83845=
200910080600 AAXX 08064 67581 31970 00602 10284 20138 48541 70500
                   333 10353 20224 59010=
200910071200 AAXX 07124 67581 32980 00608 10276 20137 48548
                   333 10352 20242 58003=
200910070600 AAXX 07064 67581 32980 00608 10278 20137 48548 70200
                   333 10352 20242 58003=
200910050600 AAXX 05064 67581 32980 20705 10268 20153 48546 80002
                   333 10325 20221 59008 82080=
200910010600 AAXX 01064 67581 31970 01410 10224 20137 48561 70500
                   333 10308 20171 59019=

################################################################################
#  SYNOPS from 67583, Lundazi (Zambia) | 12-17S | 033-12E | 1143 m
################################################################################
200910290600 AAXX 29064 67583 31980 11202 10270 20161 48/// 81030
                   333 10335 20171 5//// 81360=

################################################################################
#  SYNOPS from 67599, Mfuwe (Zambia) | 13-16S | 031-56E | 568 m
################################################################################
200910310600 AAXX 31064 67599 31659 31206 10288 20184 48550 70500 81130
                   333 10390 20259 58010 81840 83360
                   555 00/// Q1017/3=
200910300900 AAXX 30094 67599 41760 21004 10355 20188 48545 70500 82200
                   333 58014 82856 Q1014.7=
200910300600 AAXX 30064 67599 31960 20000 10307 20191 48547 70500 80001
                   333 10390 20240 58008 82080 Q1016.3=
200910291200 AAXX 29124 67599 41860 41806 10379 20194 48505 70522 84200
                   333 59026 84857=
200910290900 AAXX 29094 67599 41759 21205 10350 20188 48532 70500 82230
                   333 59020 82850 82262=
200910290600 AAXX 29064 67599 31958 50000 10270 20180 48527 70522 85030
                   333 10370 20228 59028 85360=
200910280600 AAXX 28064 67599 31958 21210 10300 20181 48562 70500 82030
                   333 10375 20230 82360=
200910271200 AAXX 27124 67599 41759 61009 10350 20181 48541 70522 81930
                   333 58008 81956 83857 86360=
200910240900 AAXX 24094 67599 41958 00000 10334 20170 48561 70500
                   333 59030 Q1017.1=
200910240600 AAXX 24064 67599 31958 01706 10265 20137 48562 70500
                   333 10352 20182 59019 Q1020.0=
200910231200 AAXX 23124 67599 41858 51703 10334 20181 48549 70522 82230
                   333 58018 82858 85360=
200910220600 AAXX 22064 67599 31975 51007 10281 20182 48571 70522 85030
                   333 10370 20221 58000 85360=
200910201500 AAXX 20154 67599 41759 71510 10320 20170 48539 72122 8197/
                   333 58029 81950 87460=
200910201200 AAXX 20124 67599 41759 71018 10350 20181 48552 70522 872//
                   333 58036 87856=
200910180900 AAXX 18094 67599 41758 20000 10361 20156 48548 70500 82100
                   333 58005 82856 Q1014.6=
200910180600 AAXX 18064 67599 31958 01604 10290 20150 48544 70500
                   333 10385 20205 58000 Q1016.7=
200910161200 AAXX 16124 67599 41857 21006 10376 20185 48528 70500 82100
                   333 58001 82858=
200910160600 AAXX 16064 67599 31957 01207 10299 20154 48556 70500
                   333 10385 20190 59004=
200910151200 AAXX 15124 67599 41859 70912 10360 20176 48524 70522 872//
                   333 58006 87858=
200910141500 AAXX 14154 67599 41959 41309 10355 20138 48514 70522 84030
                   333 58016 84360=
200910131200 AAXX 13124 67599 41860 40000 10376 20162 48510 70522 84200
                   333 59009 84858=
200910130900 AAXX 13094 67599 41775 11104 10350 20152 48541 70500 81100
                   333 59011 81850 Q1014.3=
200910120600 AAXX 12064 67599 31950 00607 10303 20167 48555 70500
                   333 10378 20195 59020=
200910091200 AAXX 09124 67599 41858 20708 10390 20207 48546 70500 82100
                   333 59010 82858=
200910081500 AAXX 08154 67599 41959 60910 10375 20187 48529 70522 8607/
                   333 58003 86460=
200910081200 AAXX 08124 67599 41858 51806 10375 20187 48530 70522 85200
                   333 58010 85858=
200910051500 AAXX 05154 67599 41959 21810 10365 20193 48512 70522 82030
                   333 58000 82360=

################################################################################
#  SYNOPS from 67633, Mongu (Zambia) | 15-15S | 023-09E | 1052 m
################################################################################
200910290600 AAXX 29064 67633 31970 30902 10255 20141 48501 70500 80002
                   333 10355 20190 59022 83080=
200910280600 AAXX 28064 67633 31970 60908 10255 20127 48532 70522 80008
                   333 10363 20220 59018 86280=
200910270600 AAXX 27064 67633 31970 40304 10264 20140 48541 70521 83031
                   333 10375 20228 58036 83360 84080=
200910220600 AAXX 22064 67633 31970 40906 10234 20112 48534 70522 84030
                   333 10335 20189 59007 84361=
200910200600 AAXX 20064 67633 31970 60903 10245 20132 48533 70522 84038
                   333 10370 20205 58010 84361 86280=
200910190600 AAXX 19064 67633 31970 70902 10230 20135 48521 70522 80008
                   333 10370 20200 58027 87280=
200910161200 AAXX 16124 67633 31970 50908 10280 20103 48519 70522 85032
                   333 10370 20117 58009 85361 84080=
200910161000 AAXX 16104 67633 31970 50908 10280 20103 48519 70522 85032
                   333 10370 20117 58009 85361 84080=
200910160600 AAXX 1606/ 67633 31970 50908 10280 20103 48519 70522 85032
                   333 10370 20117 58009 85361 84080=
200910150600 AAXX 15064 67633 31970 10904 10255 20161 48505 70500 80002
                   333 10374 20210 58009 81080=
200910140600 AAXX 14064 67633 31970 40906 10220 20151 48492 70500 80002
                   333 10360 20210 59010 84080=
200910130600 AAXX 13064 67633 NIL=
200910120600 AAXX 12064 67633 31970 51804 10240 20154 48516 70500 85030
                   333 10350 20215 59007 85361=
200910080600 AAXX 08064 67633 NIL=
200910071200 AAXX 07124 67633 31970 53606 10260 20156 48523 70522 81032
                   333 10370 20198 58007 81361 85280=
200910051200 AAXX 05124 67633 41770 50904 10335 20137 48508 70522 85200
                   333 58001 81950 84850=
200910050600 AAXX 05064 67633 31970 00804 10236 20173 48521 70500
                   333 10320 20196 59006=
200910010600 AAXX 01064 67633 11970 70000 10192 20167 48537 60094 70500 84032
                   333 10340 20183 58005 84360 87280=

################################################################################
#  SYNOPS from 67641, Kaoma (Zambia) | 14-48S | 024-48E | 1213 m
################################################################################
200910290600 AAXX 29064 67641 31975 00801 10262 20143 48494 70500
                   333 10347 20176 59016=
200910280600 AAXX 28064 67641 31975 40802 10257 20149 48509 70500 80002
                   333 10365 20168 59022 84080=
200910270600 AAXX 27064 67641 NIL=
200910200600 AAXX 20064 67641 31975 60601 10229 20134 48519 70522 80008
                   333 10343 20180 58007 86280=
200910190600 AAXX 19064 67641 31975 61701 10224 20121 48512 70522 80002
                   333 10360 20166 58021 86080=
200910161200 AAXX 16124 67641 NIL=
200910160600 AAXX 1606/ 67641 NIL=
200910150600 AAXX 15064 67641 31975 00601 10224 20116 48502 70500
                   333 10361 20176 58010=
200910140600 AAXX 14064 67641 31975 13601 10228 20132 48492 70500 80002
                   333 10355 20167 59004 81080=
200910130600 AAXX 13064 67641 31975 11002 10248 20148 48499 70500 81032
                   333 10340 20190 59013 81361 81080=
200910120600 AAXX 12064 67641 11975 60901 10242 20164 48512 69974 70511 86030
                   333 10351 20215 59004 86361=
200910080600 AAXX 08064 67641 31975 01701 10246 20155 48508 70500
                   333 10367 20190 58013=
200910071200 AAXX 07124 67641 31975 40402 10232 20132 48519 70500 81032
                   333 10366 20176 58009 81361 84080=
200910050600 AAXX 05064 67641 31975 00201 10221 20182 48518 70511
                   333 10298 20180 59006=
200910010600 AAXX 01064 67641 11975 70901 10209 20163 48534 60114 70522 87030
                   333 10340 20182 58001 87361=

################################################################################
#  SYNOPS from 67655, Mumbwa (Zambia) | 15-04S | 027-11E | 1216 m
################################################################################
200910300600 AAXX 30064 67655 31975 60915 10266 20132 48517 70522 80008
                   333 10338 20190 58006 86277 Q1018.7=
200910160600 AAXX 16064 67655 31975 40407 10235 20149 48527 70510 80001
                   333 10332 20190 59001 84078=

################################################################################
#  SYNOPS from 67663, Kabwe (Zambia) | 14-27S | 028-28E | 1206 m
################################################################################
200910290600 AAXX 29064 67663 31960 30908 10252 20146 48491 70500 81032
                   333 10318 20184 59014 81360 83080=
200910280600 AAXX 28064 67663 31960 10704 10237 20132 48521 70500 80002
                   333 10312 20179 59023 81080=
200910270600 AAXX 27064 67663 31970 40304 10264 20140 48541 70521 83032
                   333 10375 20228 58036 83360 84080=
200910200600 AAXX 20064 67663 31560 41105 10222 20144 48521 70511 81502
                   333 10332 20184 58011 81626 84080=
200910190600 AAXX 19064 67663 31960 30904 10255 20136 48513 70500 80002
                   333 10330 20202 59010 83080=
200910161200 AAXX 16124 67663 NIL=
200910160600 AAXX 1606/ 67663 NIL=
200910150600 AAXX 15064 67663 31960 00704 10250 20129 48513 70500
                   333 10346 20193 58010=
200910140600 AAXX 14064 67663 31960 20903 10250 20097 48498 70500 80002
                   333 10334 20180 59009 82080=
200910130600 AAXX 13064 67663 31960 00504 10259 20112 48513 70500
                   333 10339 20188 59008=
200910120600 AAXX 12064 67663 31960 10904 10244 20142 48519 70500 80002
                   333 10310 20190 59013 81080=
200910080600 AAXX 08064 67663 31960 10605 10266 20139 48514 70500 80002
                   333 10345 20211 59018 81080=
200910071200 AAXX 07124 67663 31960 10601 10266 20121 48533 70500 80002
                   333 10339 20201 58016 85080=
200910050600 AAXX 05064 67663 31960 00801 10236 20158 48532 70500
                   333 10298 20182 58002=
200910010600 AAXX 01064 67663 31960 10904 10198 20139 48537 70500 80002
                   333 10303 20152 59016 81080=

################################################################################
#  SYNOPS from 67665, Lusaka Internationalairport (Zambia) | 15-19S | 028-27E | 1152 m
################################################################################
200910310600 AAXX 31064 67665 31970 10711 10237 201192 48541 70500 80001
                   333 10335 20186 58020 81080
                   555 00190 Q1021/1=
200910310400 AAXX 31044 67665 42980 30805 10193 20170 48521 81032
                   333 58019 81360 83080=
200910310300 AAXX 31034 67665 42980 10708 10206 20169 48519 81030
                   333 58017 81360=
200910310000 AAXX 31004 67665 41970 60807 10200 20165 48509 70522 86030
                   333 58021 86360=
200910302100 AAXX 30214 67665 41970 70905 10225 20141 48520 70522 87030
                   333 58019 87360=
200910301200 AAXX 30124 67665 41670 51208 10314 20148 48497 70522 85101
                   333 58002 85845 82080=
200910300900 AAXX 30094 67665 41970 30209 10312 20159 48525 70500 80001
                   333 58002 83080 Q1018.1=
200910300600 AAXX 30064 67665 31970 30608 10260 20120 48526 70500 83001
                   333 10336 20161 20161 58002 83080
                   555 00180 Q1018.9=
200910291800 AAXX 29184 67665 42980 31204 10246 20095 48494 80002
                   333 10336 59018=
200910291500 AAXX 29154 67665 42980 10507 10318 20104 48473 81030
                   333 59023 81360=
200910291200 AAXX 29124 67665 42780 50509 10315 20133 48495 85200
                   333 59018 85856=
200910290900 AAXX 29094 67665 42780 20709 10290 20140 48531 81100
                   333 59020 82845=
200910290600 AAXX 29064 67665 32980 00909 10239 20142 48522
                   333 10321 20154 59022=
200910281800 AAXX 28184 67665 42980 01005 10241 20146 48511 81031
                   333 10321 59026=
200910281500 AAXX 28154 67665 42880 60605 10295 20136 48503 83202
                   333 59022 83858 85280=
200910281200 AAXX 28124 67665 42780 60607 10294 20135 48511 86201
                   333 59024 85850 83080=
200910280900 AAXX 28094 67665 42680 40411 10280 20164 48540 84100
                   333 59025 84840 Q1020.1=
200910280600 AAXX 28064 67665 31980 10911 10241 20171 48546 70500 80001
                   333 10310 20150 59022 81080=
200910271800 AAXX 27184 67665 42980 00807 10231 20171 48533
                   333 10310 58021=
200910271500 AAXX 27154 67665 41859 20809 10291 20170 48525 70500 82201
                   333 58021 82858 81080=
200910271200 AAXX 27124 67665 41759 50412 10293 20160 48535 70522 85200
                   333 58022 85856=
200910270900 AAXX 27094 67665 41659 206011 10270 20172 48663 70500 82100
                   333 58029 82848=
200910270600 AAXX 27064 67665 31959 10611 10245 20165 48568 70500 80001
                   333 10345 20185 58031 81080=
200910270400 AAXX 27044 67665 42980 50905 10194 20163 48551 80002
                   333 58032 85080=
200910270000 AAXX 27004 67665 42980 00708 10208 20144 48530
                   333 58027=
200910262100 AAXX 26214 67665 41960 00903 10217 20144 48533 70500
                   333 58006=
200910261500 AAXX 26154 67665 41960 30608 10313 20118 48504 70500 83030
                   333 58009 83363=
200910261200 AAXX 26124 67665 41759 50307 10330 20134 48519 70522 85200
                   333 58008 85857=
200910260900 AAXX 26094 67665 41958 00212 10315 20144 48539 70500
                   333 59004=
200910260600 AAXX 26064 67665 31959 10609 10269 20148 48540 70500 81030
                   333 10328 20174 59002 81360=
200910251800 AAXX 25184 67665 41959 01205 10239 20112 48504 70500
                   333 10328 59018 Q1016.7=
200910251200 AAXX 25124 67665 41759 40705 10311 20104 48507 70522 84200
                   333 59023 84857=
200910250900 AAXX 25094 67665 41959 30411 10294 20124 48533 70522 80002
                   333 59025 83080 Q1019.2=
200910250600 AAXX 25064 67665 32980 00607 10233 20105 48538
                   333 10315 20144 59027
                   555 00145 Q1020/7=
200910250400 AAXX 25044 67665 42980 01204 10161 20076 48519
                   333 59026=
200910250300 AAXX 25034 67665 41960 01204 10166 20071 48514 70500
                   333 59030=
200910242100 AAXX 24214 67665 41960 01203 10194 20085 48523 70500
                   333 59022=
200910241800 AAXX 24184 67665 41959 01105 10222 20122 48519 70500
                   333 10315 59023 Q1018.7=
200910241500 AAXX 24154 67665 41759 10708 10297 20118 48517 70500 81100
                   333 59021 81856 Q1017.3=
200910241200 AAXX 24124 67665 41759 40706 10301 20116 48529 70322 81102
                   333 59020 81852 83080 Q1018.7=
200910240900 AAXX 24094 67665 42980 30508 10272 20100 48554 70200 80002
                   333 59025 84080 Q1022.0=
200910240600 AAXX 24064 67665 32980 30810 10221 20137 48562 80001
                   333 10310 20120 59032 83080 00106 Q1023.7=
200910231800 AAXX 23184 67665 42980 01004 10213 20080 48539
                   333 10310 58006=
200910231500 AAXX 23154 67665 42980 20608 10282 20069 48536 80002
                   333 58004 82080=
200910231200 AAXX 23124 67665 42980 10709 10288 20080 48547 80002
                   333 58006 81080=
200910230900 AAXX 23094 67665 41970 10614 10262 20062 48578 70500 81001
                   333 58014 81080 Q1024.8=
200910230600 AAXX 23064 67665 31970 00615 10216 20069 48571 70500
                   333 10328 20155 58010
                   555 00158 Q1025/0=
200910221800 AAXX 22184 67665 42980 00906 10235 20095 48537
                   333 10328 58006=
200910221500 AAXX 22154 67665 42980 10810 10303 20113 48534 81030
                   333 59001 81359=
200910221200 AAXX 22124 67665 42780 40908 10310 20102 48544 84201
                   333 58008 84850 81080 Q1020.2=
200910220900 AAXX 22094 67665 42680 10506 10291 20151 48569 81100
                   333 58005 81845=
200910220600 AAXX 22064 67665 31960 10705 10231 20161 48566 70500 80001
                   333 10304 20142 58001 81080=
200910211200 AAXX 21124 67665 42680 50704 10283 20138 48533 85201
                   333 59016 85849 81080 Q1019.3=
200910210900 AAXX 21094 67665 41680 40504 10254 20160 48558 70522 82101
                   333 59007 82840 84080=
200910210600 AAXX 21064 67665 31980 10606 10205 20157 48563 70500 80001
                   333 10264 20130 58004 81080=
200910210400 AAXX 21044 67665 42980 31002 10144 20135 48537 80001
                   333 58010 83080=
200910210300 AAXX 21034 67665 42980 01004 10147 20148 48534
                   333 58013=
200910210000 AAXX 21004 67665 42980 01002 10154 20140 48532
                   333 58009=
200910202100 AAXX 20214 67665 42980 01102 10174 20157 48546
                   333 58016=
200910201800 AAXX 20184 67665 41970 00802 10197 20159 48535 70500
                   333 10264 58016=
200910201500 AAXX 20154 67665 41770 40705 10248 20162 48537 70522 82102
                   333 58023 82850 83080=
200910201200 AAXX 20124 67665 41670 70505 10255 20127 48545 70522 85202
                   333 58028 85830 86280=
200910200600 AAXX 20064 67665 31459 70707 10208 20177 48557 70522 8653/
                   333 10314 20166 58010 86612 85359=
200910192100 AAXX 19214 67665 42980 00804 10214 20159 48535
                   333 58019 Q1020.6=
200910191800 AAXX 19184 67665 42980 01004 10246 20146 48527
                   333 10314 58022=
200910191200 AAXX 19124 67665 41659 60405 10300 20154 48523 70522 85202
                   333 58019 85857 84080=
200910190600 AAXX 19064 67665 31960 50705 10242 20174 48543 70522 80002
                   333 10344 20171 58013 85080=
200910190400 AAXX 19044 67665 41960 40907 10199 20132 48523 70500 80001
                   333 58006 84080=
200910190300 AAXX 19034 67665 41960 00906 10201 20135 48516 70500
                   333 59001=
200910182100 AAXX 18214 67665 41960 00306 10227 20106 48519 70500
                   333 58002=
200910181800 AAXX 18184 67665 41960 00905 10238 20100 48504 70500
                   333 10344 59001=
200910181500 AAXX 18154 67665 41960 30709 10323 20058 48496 70522 82013
                   333 58000 82360 82080 Q1014.7=
200910180900 AAXX 18094 67665 41960 30311 10303 20158 48521 70500 80002
                   333 58018 83080 Q1019.1=
200910180600 AAXX 18064 67665 31960 20907 10245 02121 48531 70500 80001
                   333 10350 20150 59003 82080
                   555 00153 Q1019.7=
200910171800 AAXX 17184 67665 41959 11204 10609 10316 20086 48496 70500 80001
                   333 59013 81857=
200910171500 AAXX 17154 67665 41860 10609 10316 20086 48496 70500 81100
                   333 59013 81857=
200910171200 AAXX 17124 67665 41760 11013 10331 20086 48508 70500 81100
                   333 59010 81850=
200910170600 AAXX 17064 67665 31959 29806 10249 20115 48535 70522 80001
                   333 10330 20142 59010 82079
                   555 00065 Q1020.0=
200910161800 AAXX 16184 67665 41959 01106 10244 20130 48519 70500
                   333 10330 59007=
200910161500 AAXX 16154 67665 41970 20807 10313 20130 48508 70500 82100
                   333 58008 82858=
200910161200 AAXX 16124 67665 41770 4076 10316 20124 48516 70522 84200
                   333 58005 84856=
200910161000 AAXX 16104 67665 31960 10610 10236 20175 48543 70500 81030
                   333 10324 20169 58002 81360=
200910160900 AAXX 16094 67665 41960 10410 10287 20145 48543 70500 80001
                   333 58006 81080=
200910160600 AAXX 16064 67665 31960 10610 10236 20175 48543 70500 81030
                   333 10324 20169 58002 81360=
200910151800 AAXX 15184 67665 41959 00906 10244 20140 48512 70500
                   333 10324 58004=
200910151500 AAXX 15154 67665 41959 30507 10305 20130 48499 70522 83200
                   333 58000 83858=
200910151200 AAXX 15124 67665 41759 50709 10315 20144 48511 70522 85200
                   333 58008 85857=
200910150900 AAXX 15094 67665 41659 30610 10296 20158 48538 70522 83100
                   333 58008 83848=
200910150600 AAXX 15064 67665 31959 00907 10244 20184 48541 70500
                   333 10349 20125 58014=
200910150300 AAXX 15034 67665 41959 01005 10191 20133 48510 70500
                   333 58017=
200910150000 AAXX 15004 67665 41959 00000 10197 20112 48504 70500
                   333 58002=
200910141800 AAXX 14184 67665 42959 00705 10259 20129 48509
                   333 10349 58006=
200910141500 AAXX 14154 67665 41958 00813 10315 20099 48500 7050
                   333 58005=
200910141200 AAXX 14124 67665 41858 10610 10340 20115 48506 70500 81100
                   333 58002 81858=
200910140600 AAXX 14064 67665 31959 00904 10262 20105 48530 70500
                   333 10340 20174 58002=
200910140400 AAXX 14044 67665 41959 11105 10166 20114 48503 70500 81001
                   333 59005 81080 Q1017.4=
200910131500 AAXX 13154 67665 41970 10406 10322 20110 48496 70500 81030
                   333 59004 81359=
200910131200 AAXX 13124 67665 41770 30508 10335 20106 48504 70500 83100
                   333 59009 83856=
200910130900 AAXX 13094 67665 41659 10410 10306 20132 48528 70521 81100
                   333 59010 81840 Q1018.6=
200910130600 AAXX 13064 67665 31959 10907 10240 20134 48529 70500 80001
                   333 10320 20119 59014 81080=
200910130400 AAXX 13044 67665 41960 11304 10182 20131 48509 70500 80001
                   333 59013 81080=
200910130300 AAXX 13034 67665 41960 01104 10183 20124 48501 70500
                   333 59015=
200910130000 AAXX 13004 67665 41960 01104 10187 20119 48496 70500
                   333 59039=
200910122100 AAXX 12214 67665 41959 11203 10212 20125 48512 70500 81030
                   333 59018 81360=
200910120900 AAXX 12094 67665 41970 00413 10295 20147 48536 70500
                   333 59010=
200910120600 AAXX 12064 67665 32970 00708 10235 20156 48539
                   333 10355 20179 59008=
200910111800 AAXX 11184 67665 41960 20707 10256 20181 48524 70500 81030
                   333 10355 58005 82360=
200910111500 AAXX 11154 67665 41859 30611 10301 20135 48512 70500
                   333 58008 81857 83360=
200910111200 AAXX 11124 67665 41759 30211 10319 20159 48521 70500 82200
                   333 58004 83850=
200910110900 AAXX 11094 67665 41459 10414 10295 20175 48546 70500 81100
                   333 58004 81815 Q1020.6=
200910110600 AAXX 11064 67665 31959 00512 10243 20182 70500
                   333 10348 20200 58005 Q1021.6=
200910101200 AAXX 10124 67665 41860 30909 10342 20129 48520 70500 83200
                   333 58004 83857 555 Q1017.1=
200910100900 AAXX 10094 67665 41760 10411 10322 20121 48555 70500 81100
                   333 58003 81850=
200910100600 AAXX 10064 67665 31959 10808 10252 20159 48544 70500 80001
                   333 10358 20//0 58004 81080=
200910091200 AAXX 09124 67665 41860 30911 10347 20091 48517 70500 83100
                   333 58004 83856=
200910090900 AAXX 09094 67665 41959 10409 10324 20149 48542 70500 80001
                   333 58004 81080=
200910090600 AAXX 09064 67665 31959 10805 10267 20096 48542 70500 80001
                   333 10356 20186 58002 81080=
200910090400 AAXX 09044 67665 41959 01305 10182 20132 48515 70500 80001
                   333 58008 81080=
200910090300 AAXX 09034 67665 41959 00805 10176 20133 48509 70500
                   333 58008=
200910081800 AAXX 08184 67665 41959 01002 10239 20122 48506 70500
                   333 10356 59010=
200910081500 AAXX 08154 67665 41959 10909 10328 20119 48507 70500 80001
                   333 59005 81080=
200910081200 AAXX 08124 67665 41758 40807 10344 20143 48513 70500 84200
                   333 59004 84850=
200910080600 AAXX 08064 67665 31959 00805 10260 20172 48539 70500
                   333 10346 20190 59007=
200910071800 AAXX 07184 67665 42980 01405 10248 20152 48517 70500
                   333 10346 59004=
200910071500 AAXX 07154 67665 41859 20810 10318 20157 48510 70500 82200
                   333 59006 82859=
200910071200 AAXX 07124 67665 31959 00805 10263 20159 48545 70500
                   333 10336 20187 58003=
200910070900 AAXX 07094 67665 41959 00507 10313 20167 48543 70500
                   333 59004=
200910070600 AAXX 07064 67665 31959 00805 10263 20159 48546 70500 10336 20187 58003=
200910070400 AAXX 07044 67665 42980 01303 10184 20143 48524
                   333 58004=
200910070300 AAXX 07034 67665 42980 01203 10193 20142 48519
                   333 58004=
200910061500 AAXX 06154 67665 41775 31006 10308 20135 48515 70500 83030
                   333 58006 83360 Q1017.0=
200910061200 AAXX 06124 67665 41775 30405 10333 20148 48524 70522
                   333 58003 83857 Q1017.6=
200910060900 AAXX 06094 67665 42775 20507 1030220
                   175 48546 70522 81102
                   333 59004 81850 81080 Q1020.6=
200910060600 AAXX 06064 67665 31975 10908 10246 20162 48540 70500 80001
                   333 10329 20175 59011 81080
                   555 00152 Q1020.8=
200910051500 AAXX 05154 67665 41780 41211 10314 20133 48509 70522 84230
                   333 59015 84856 81359=
200910051200 AAXX 05124 67665 41670 50703 10305 20150 48518 70522 85200
                   333 59007 85840=
200910050900 AAXX 05094 67665 41465 20306 10282 20177 48543 70500 82100
                   333 59004 82815 Q1021.0=
200910050600 AAXX 05064 67665 31960 30707 10225 20179 48548 70500 83030
                   333 10292 20184 58000 83360
                   555 00182 Q1021.8=
200910041200 AAXX 04124 67665 42680 70903 10276 20169 48522 87230
                   333 58002 87845 83360=
200910040900 AAXX 04094 67665 42980 60508 10262 20179 48549 86030
                   333 59013 86360=
200910040600 AAXX 04064 67665 12980 70709 10200 20169 48544 60014 87030
                   333 10290 20/// 59009 87360=
200910031200 AAXX 03124 67665 41670 73503 10280 20165 48520 70522 87230
                   333 59007 87845 83360 Q1017.9=
200910011200 AAXX 01124 67665 42680 10608 10285 20163 48538 81100
                   333 59014 81845=
200910010600 AAXX 01064 67665 32370 10808 10186 20178 48560 81500
                   333 10280 20/// 59011 81709=

################################################################################
#  SYNOPS from 67666, Lusaka City Airport (Zambia) | 15-25S | 028-19E | 1280 m
################################################################################
200910300900 AAXX 30094 67666 42980 30607 10299 20223 48517 80002
                   333 58003 83080 Q1017.6=
200910300600 AAXX 30064 67666 31978 20910 10255 20196 48518 70500 80001
                   333 10323 20205 59002 82080 Q1018.2=
200910291200 AAXX 29124 67666 42780 650903 10297 20202 48489 85200
                   333 59016 85845=
200910290600 AAXX 29064 67666 32980 00912 10249 20193 48515
                   333 10308 20185 59023=
200910280900 AAXX 28094 67666 42580 20908 10275 20213 48532 82100
                   333 59020 82828=
200910280600 AAXX 28064 67666 31970 00912 10230 20185 48527 70500
                   333 10312 20180 58023=
200910271200 AAXX 27124 67666 41679 40910 10258 20215 48524 70500 84200
                   333 58020 84840=
200910270600 AAXX 27064 67666 31970 00912 10225 20188 48557 70500
                   333 10336 20195 58029=
200910231200 AAXX 23124 67666 42980 10913 10280 20181 48537 80001
                   333 58006 81080=
200910220600 AAXX 22064 67666 32980 01208 10228 20178 48551
                   333 10295 20180 58009=
200910160900 AAXX 16094 67666 41980 00910 10286 20198 48533 70500
                   333 58005=
200910160600 AAXX 16064 67666 31975 10912 10226 20180 48533 70500 81030
                   333 10316 20185 58000 81360=
200910151200 AAXX 15124 67666 42780 40807 10301 20205 48503 84200
                   333 58009 84850=
200910130900 AAXX 13094 67666 42580 100905 10292 20185 48519 81100
                   333 59007 81825 Q1017.5=
200910130600 AAXX 13064 67666 31975 01013 10254 20181 48521 70500
                   333 10330 10173 59007 Q1018.6=
200910091200 AAXX 09124 67666 42680 10912 10335 20171 48506 81100
                   333 58001 81830=

################################################################################
#  SYNOPS from 67667, Mount Makulu (Zambia) | 15-33S | 028-15E | 1213 m
################################################################################
200910290600 AAXX 29064 67667 31970 00905 10290 20166 48/// 70500
                   333 10321 20180 5////=

################################################################################
#  SYNOPS from 67673, Petauke (Zambia) | 14-15S | 031-17E | 1035 m
################################################################################
200910290600 AAXX 29064 67673 31970 20806 10275 20150 48530 70522 82030
                   333 10334 20227 59024 82362=

################################################################################
#  SYNOPS from 67731, Senanga (Zambia) | 16-06S | 023-16E | 1027 m
################################################################################
200910290600 AAXX 29064 67731 32980 71901 10238 20148 48/// 84032
                   333 10355 20170 5//// 84360 86080=

################################################################################
#  SYNOPS from 67743, Livingstone (Zambia) | 17-49S | 025-49E | 985 m
################################################################################
200910290600 AAXX 29064 67743 31975 31104 10265 20105 48512 70500 80001
                   333 10355 20155 59028 83080=
200910280600 AAXX 28064 67743 31970 20609 10260 20140 48539 70500 80001
                   333 10360 20180 59025 82080=
200910271500 AAXX 27154 67743 41975 30811 10345 20111 48511 70500 82102
                   333 58007 82858 81080=
200910271200 AAXX 27124 67743 41975 20511 10342 20134 48529 70500 81102
                   333 58020 81858 82080=
200910270600 AAXX 27064 67743 31975 01012 10278 20126 48569 70500
                   333 10327=
200910241500 AAXX 24154 67743 41980 10710 10331 20025 48515 70500 81030
                   333 59020 81360 555 10344 Q1015/3=
200910221500 AAXX 22154 67743 41975 30812 10333 20082 48536 70500 82102
                   333 58008 82858 81080=
200910201500 AAXX 20154 67743 41770 50910 10313 20105 48526 70500 85100
                   333 58004=
200910201200 AAXX 20124 67743 41770 50608 10311 20120 48539 70500 83100
                   333 58011 83857=
200910200600 AAXX 20064 67743 31970 30915 10238 20140 48557 70500 80001
                   333 10318 20217 58020 83080=
200910190600 AAXX 19064 67743 31970 80708 10241 20118 48536 70522 8807/
                   333 10402 20219 58028 88360=
200910180600 AAXX 18064 67743 31970 00609 10270 20099 48510 70500
                   333 10375 20223 59009
                   555 00195 BB/// CC220 DD076 Q1016/3=
200910161500 AAXX 16154 67743 41970 11005 10344 20109 48500 70500 81102
                   333 58007 81858 81080=
200910161200 AAXX 16124 67743 41770 50804 10348 20104 48512 70500 83102 33 58011 83856
                   83080=
200910161000 AAXX 16104 67743 31970 10608 10259 20131 48528 70500 80001
                   333 10365 20204 59002 81080=
200910160600 AAXX 16064 67743 31970 10608 10259 20131 48528 70500 80001
                   333 10365 20204 59002 81080=
200910150600 AAXX 15064 67743 31970 00808 10262 20133 48530 70500
                   333 10370 20224 58014=
200910141200 AAXX 14124 67743 41975 61010 10355 20103 48497 70522 85130
                   333 58004 85858 81359=
200910140600 AAXX 14064 67743 31975 30904 10275 20130 48521 70500 83030
                   333 10365 20250 58001 83304=
200910131500 AAXX 13154 67743 41770 40907 10354 20114 48485 70500 84200
                   333 59008 84856=
200910131200 AAXX 13124 67743 41770 40808 10365 20103 48496 70500 84200
                   333 59007 84850=
200910130600 AAXX 13064 67743 11970 39902 10259 20135 48517 60024 70500 83080
                   333 10349 20213 59017 83360=
200910120600 AAXX 12064 67743 11970 01203 10238 20162 48528 60244 70500
                   333 10365 20180 58002=
200910091200 AAXX 09124 67743 41765 30506 10375 20106 48508 70500 83100
                   333 59003 83856=
200910081500 AAXX 08154 67743 41770 60807 10367 20106 48501 70500 81130
                   333 59013 81858 84360=
200910081200 AAXX 08124 67743 41770 40907 10374 20083 48601 70500 84100
                   333 59005 84858=
200910080600 AAXX 08064 67743 31970 00703 10280 20093 48527 70500
                   333 10382 20208 59013=
200910071200 AAXX 07124 67743 31970 10805 10282 20087 48540 70500 80001
                   333 10370 20201 58003 81080=
200910051500 AAXX 05154 67743 42780 41305 10323 20120 48509 84200
                   333 59008 84856=
200910051200 AAXX 05124 67743 42780 41706 10325 20105 48519 84100
                   333 59011 84856=
200910050600 AAXX 05064 67743 12980 00603 10214 20161 48531 69904
                   333 10322 20176 58001=
200910010600 AAXX 01064 67743 31970 30609 10238 20142 48555 70521 83030
                   333 10310 20198 59018 83360=

################################################################################
#  SYNOPS from 67753, Choma (Zambia) | 16-50S | 027-04E | 1213 m
################################################################################
200910290600 AAXX 29064 67753 31960 00908 10248 20127 48/// 70500
                   333 10322 20157 5////=
200910280600 AAXX 28064 67753 31960 00612 10237 20083 48/// 70500 3333 10312 20159 5////=
200910270600 AAXX 27064 67753 31960 00620 10246 20124 48/// 70500
                   333 10/// 20199 5////=
200910220600 AAXX 22064 67753 31960 70915 10241 20122 48/// 70522 80008
                   333 10305 20125 87280=
200910200600 AAXX 20064 67753 31460 70915 10217 20139 48/// 70522 81508
                   333 10299 20175 5//// 81615 87280=
200910190600 AAXX 19064 67753 31958 70912 10229 20111 48/// 70500 80008
                   333 10341 20189 5//// 87280=
200910161200 AAXX 16124 67753 NIL=
200910160600 AAXX 16064 67753 NIL=
200910150600 AAXX 15064 67753 NIL=
200910140600 AAXX 14064 67753 NIL=
200910130600 AAXX 13064 67753 NIL=
200910120600 AAXX 12064 67753 NIL=
200910080600 AAXX 08064 67753 31960 20904 10248 20141 48/// 70500 80002
                   333 10341 20169 5//// 82080=
200910071200 AAXX 07124 67753 31960 01804 10212 20140 48/// 70500
                   333 10329 20155 5////=
200910050600 AAXX 05064 67753 11960 00608 10226 20004 48/// 60014 70500
                   333 10315 20130 5////=
200910010600 AAXX 01064 67753 31958 70915 10199 20127 48/// 70522 80008
                   333 10271 20168 5//// 87280=

################################################################################
#  SYNOPS from 67855, Lupaki (Zambia) | 17-03-00S | 024-46-00E | 1000 m
################################################################################
200910300600 AAXX 30064 67855 31970 71504 10260 20134 3//// 48/// 70522 85082
                   333 20172 5//// 85360 87080=
200910291200 AAXX 29124 67855 42975 73201 10346 20120 3//// 48/// 87202
                   333 5//// 87859=
200910290900 AAXX 29094 67855 41970 10601 10328 20127 38/// 48/// 70500 80002
                   333 5//// 81080=
200910290600 AAXX 29064 67855 31970 10801 10240 20119 38/// 48/// 70511 81032
                   333 20146 5//// 81360=
200910280600 AAXX 28064 67855 555 10376 21000 30000 40000=
200910260600 AAXX 26064 67855 31970 00701 10264 20096 3//// 48/// 70500
                   333 20142 5////=
200910230600 AAXX 23064 67855 31970 71208 10203 20123 38/// 48/// 70500 81032
                   333 20184 5//// 81360 87080=
200910210600 AAXX 21064 67855 31970 71801 10224 20108 38/// 48/// 70522 80002
                   333 20135 5//// 87080=
200910200600 AAXX 20064 67855 11370 10908 10206 20132 3//// 48/// 69904 70500 81602
                   333 20144 5//// 81708=
200910190900 AAXX 19094 67855 41970 81002 10276 20134 38/// 48/// 70522 8807/
                   333 5//// 88360=
200910120600 AAXX 12064 67855 31970 70603 10254 20122 3//// 48/// 70522 81032
                   333 20205 5//// 81360 87080=
200910060600 AAXX 06064 67855 NIL=
200910050600 AAXX 05064 67855 NIL=
