################################################################################
# Query made at 04/15/2022 02:03:41 UTC
# Country like Zamb*
# Time interval: from 08/01/2009 05:30  to 08/31/2009 06:30  UTC
################################################################################

################################################################################
#  SYNOPS from 67403, Kawambwa (Zambia) | 09-48S | 029-05E | 1323 m
################################################################################
200908251200 AAXX 25124 67403 NIL 67413 NIL=

################################################################################
#  SYNOPS from 67413, Mbala (Zambia) | 08-51S | 031-20E | 1673 m
################################################################################
200908310600 AAXX 31064 67413 32980 01913 10183 20097 48552
                   333 10268 20125 59004 Q1025.6=
200908190600 AAXX 19064 67413 32980 11311 10160 20088 48538 81030
                   333 10280 20115 59012 81360=
200908060600 AAXX 06064 67413 32980 01312 10180 20099 48559
                   333 10280 20126 58004=

################################################################################
#  SYNOPS from 67441, Mwinilunga (Zambia) | 11-45S | 024-26E | 1361 m
################################################################################
200908310600 AAXX 31064 67441 31965 01204 10175 20071 48575 70500
                   333 10295 20/// 5////=
200908271200 AAXX 27124 67441 NIL=
200908260900 AAXX 26094 67441 41970 01806 10235 20071 48573 70500
                   333 5////=
200908251200 AAXX 25124 67441 NIL=
200908250600 AAXX 25064 67441 NIL=
200908201200 AAXX 20124 67441 NIL=
200908200600 AAXX 20064 67441 31960 00000 10100 20049 48/// 70500
                   333 10300 20/// 5////=
200908191200 AAXX 19124 67441 NIL=
200908190600 AAXX 19064 67441 31960 00000 10105 20065 48550 70500
                   333 10285 20/// 59011=
200908181200 AAXX 18124 67441 NIL=
200908180600 AAXX 18064 67441 NIL=
200908170900 AAXX 17094 67441 41965 00909 10224 20058 48571 70500
                   333 5////=
200908130900 AAXX 13094 67441 41965 00000 10255 20090 48554 70500
                   333 59007=
200908130400 AAXX 13044 67441 41965 00000 10255 20090 48554 70500
                   333 59007=
200908121200 AAXX 12124 67441 41665 11206 10290 20090 48538 70500 81100
                   333 59008 81840=
200908101200 AAXX 10124 67441 41960 01506 10286 20095 48542 70500
                   333 5////=
200908100900 AAXX 10094 67441 41960 00909 10248 20096 48570 70500
                   333 5////=
200908100600 AAXX 10064 67441 31960 00000 10148 20098 48567 70500
                   333 10283 20/// 59006=
200908071200 AAXX 07124 67441 NIL 67461 NIL 67475
                   NIL 67477 NIL 67531
                   NIL 67541 NIL 67561 41870 71207 10236 20067
                   48554 70511 878//
                   333 58018 84867 83357=
200908070600 AAXX 07064 67441 31965 00000 10145 20090 48/// 70500
                   333 10290 20/// 5////=
200908060900 AAXX 06094 67441 41965 01306 10250 20070 48575 70500 5////=
200908060600 AAXX 06064 67441 31960 00000 10140 20094 48574 70500
                   333 10290 20/// 58001=
200908050600 AAXX 05064 67441 31960 00000 10110 20071 48573 70500
                   333 10290 20/// 58000=

################################################################################
#  SYNOPS from 67461, Mansa (Zambia) | 11-06S | 028-51E | 1382 m
################################################################################
200908310600 AAXX 31064 67461 31965 00904 10165 20072 48552 70500
                   333 10289 20102 59001=
200908271200 AAXX 27124 67461 NIL=
200908251200 AAXX 25124 67461 NIL=
200908250600 AAXX 25064 67461 31970 00805 10172 20074 48551 70500
                   333 10270 20105 58011=
200908240600 AAXX 24064 67461 31970 21005 10163 20101 48545 70500 80001
                   333 10286 20109 59005 82080 Q1021.6=
200908201200 AAXX 20124 67461 NIL=
200908200600 AAXX 20064 67461 31970 00901 10170 20119 48516 70500
                   333 10280 20107 59012=
200908191200 AAXX 19124 67461 NIL=
200908190600 AAXX 19064 67461 31970 01106 10135 20078 48524 70500
                   333 10262 20098 59011=
200908181200 AAXX 18124 67461 NIL=
200908180600 AAXX 18064 67461 31970 00904 10125 20081 48541 70500
                   333 10257 20085 59010=
200908100600 AAXX 10064 67461 31970 01405 10164 20116 48545 70500
                   333 10266 20110 59001=
200908070600 AAXX 07064 67461 31970 01004 10152 20104 48554 70500
                   333 10290 20112 59001=
200908060600 AAXX 06064 67461 31875 00903 10160 20119 48550 70500
                   333 10295 20110 58004=
200908050600 AAXX 05064 67461 31970 00902 10158 20117 48551 70500
                   333 10285 20113 58001=

################################################################################
#  SYNOPS from 67475, Kasama (Zambia) | 10-13S | 031-08E | 1382 m
################################################################################
200908310600 AAXX 31064 67475 31975 00910 10180 20040 48557 70500
                   333 10252 20115 58005=
200908271200 AAXX 27124 67475 NIL=
200908251200 AAXX 25124 67475 NIL=
200908250600 AAXX 25064 67475 31970 01218 10165 20089 48/// 70500
                   333 10276 20107 5////=
200908201200 AAXX 20124 67475 NIL=
200908200600 AAXX 20064 67475 31970 00304 10170 20116 48526 70500
                   333 10276 20110 59007=
200908191200 AAXX 19124 67475 NIL=
200908190600 AAXX 19064 67475 31968 00903 10162 20101 48532 70500
                   333 10260 20095 59004=
200908181200 AAXX 18124 67475 NIL=
200908180600 AAXX 18064 67475 31968 00908 10149 20072 48536 70500
                   333 10250 20094 59012=
200908130900 AAXX 13094 67475 41970 01408 10254 20094 48524 70500
                   333 59015 Q1020.4=
200908130400 AAXX 13044 67475 41970 01408 10254 20094 48524 70500
                   333 59015 Q1020.4=
200908100600 AAXX 10064 67475 31970 00610 10182 20152 48553 70500
                   333 10267 20104 59001=
200908070600 AAXX 07064 67475 31965 00909 10176 20092 48557 70500
                   333 10276 20130 59001=
200908060900 AAXX 06094 67475 41768 10914 10242 10100 48558 70500 81100
                   333 81850=
200908060600 AAXX 06064 67475 31968 00915 10175 20122 48558 70500
                   333 10280 20111 58004=
200908050600 AAXX 05064 67475 31968 41208 10192 20118 48555 70522 80002
                   333 10278 20134 58001 84084=

################################################################################
#  SYNOPS from 67476, Misamfu (Zambia) | 10-06S | 031-15E | 1536 m
################################################################################
200908251200 AAXX 25124 67476 NIL=

################################################################################
#  SYNOPS from 67477, Mpika (Zambia) | 11-54S | 031-26E | 1400 m
################################################################################
200908310600 AAXX 31064 67477 31975 00910 10180 20040 48557 70500
                   333 10252 20115 58005=
200908271200 AAXX 27124 67477 NIL=
200908251200 AAXX 25124 67477 NIL=
200908250600 AAXX 25064 67477 31575 11210 10160 20059 48568 70500 81500
                   333 10245 20112 58010 81620=
200908201200 AAXX 20124 67477 NIL=
200908200600 AAXX 20064 67477 31977 00807 10170 20087 48525 70500
                   333 10267 20110 59010=
200908191200 AAXX 19124 67477 NIL=
200908190600 AAXX 19064 67477 32980 00805 10150 20074 48534
                   333 10230 20095 59010=
200908181200 AAXX 18124 67477 NIL=
200908180600 AAXX 18064 67477 32980 01314 10149 20076 48544
                   333 10212 20095 59011=
200908101200 AAXX 10124 67477 41776 10806 10236 20094 48533 70500 81100
                   333 5//// 81850=
200908100600 AAXX 10064 67477 31974 01007 10165 20110 48555 70500
                   333 10232 20115 59006=
200908070600 AAXX 07064 67477 31976 21005 10166 20091 48564 70500 82030
                   333 10251 20090 58004 82362=
200908060600 AAXX 06064 67477 32980 00906 10185 20100 48561
                   333 10256 20102 58001=
200908050600 AAXX 05064 67477 32580 11206 10183 20120 48560 81101
                   333 10251 20095 58001 81823 81080=

################################################################################
#  SYNOPS from 67531, Zambezi (Zambia) | 13-32S | 023-07E | 1077 m
################################################################################
200908310600 AAXX 31064 67531 NIL=
200908271200 AAXX 27124 67531 NIL=
200908251200 AAXX 25124 67531 NIL=
200908250600 AAXX 25064 67531 NIL=
200908201200 AAXX 20124 67531 NIL=
200908200600 AAXX 20064 67531 31970 31303 10167 20068 48/// 70500 80001
                   333 10306 20060 5//// 83082=
200908191200 AAXX 19124 67531 NIL=
200908190600 AAXX 19064 67531 31975 00908 10169 20066 48/// 70500
                   333 10285 20050 5////=
200908181200 AAXX 18124 67531 NIL=
200908180600 AAXX 18064 67531 31975 01208 10131 20055 48/// 70500
                   333 10280 20064 5////=
200908100600 AAXX 10064 67531 31975 01210 10180 20090 48/// 70500
                   333 10285 20098 5////=
200908070600 AAXX 07064 67531 NIL=
200908060600 AAXX 06064 67531 31975 01305 10155 20091 48/// 70500
                   333 10306 20079 5////=
200908050600 AAXX 05064 67531 31975 11308 10175 20076 48/// 70500 80001
                   333 10305 20073 5//// 81082=

################################################################################
#  SYNOPS from 67541, Kasempa (Zambia) | 13-32S | 025-51E | 1234 m
################################################################################
200908310600 AAXX 31064 67541 31970 00000 10167 20097 48547 70500
                   333 10/// 20115 59002=
200908271200 AAXX 27124 67541 NIL=
200908251200 AAXX 25124 67541 NIL=
200908250600 AAXX 25064 67541 31970 009// 10131 20083 48547 70500
                   333 10/// 20126 58013=
200908201200 AAXX 20124 67541 NIL=
200908200600 AAXX 20064 67541 31970 00000 10115 20066 48513 70500
                   333 10/// 20031 59006=
200908191200 AAXX 19124 67541 NIL=
200908190600 AAXX 19064 67541 31970 00000 10125 20079 48520 70500
                   333 10/// 20049 59018=
200908181200 AAXX 18124 67541 NIL=
200908180600 AAXX 18064 67541 NIL=
200908070600 AAXX 07064 67541 31960 60000 10176 20102 48551 70522 86030
                   333 10/// 20137 58005 86360=
200908050600 AAXX 05064 67541 31970 00000 10152 20096 48544 70500
                   333 10/// 20060 59004=

################################################################################
#  SYNOPS from 67543, Kabompo (Zambia) | 13-36S | 024-12E | 1075 m
################################################################################
200908251200 AAXX 25124 67543 NIL=

################################################################################
#  SYNOPS from 67551, Solwezi (Zambia) | 12-11S | 026-23E | 1386 m
################################################################################
200908251200 AAXX 25124 67551 NIL=

################################################################################
#  SYNOPS from 67561, Ndola (Zambia) | 13-00S | 028-39E | 1269 m
################################################################################
200908310600 AAXX 31064 67561 31930 00000 10192 20071 48555 70400
                   333 10293 20104 59005=
200908271200 AAXX 27124 67561 NIL=
200908251200 AAXX 25124 67561 NIL=
200908250600 AAXX 25064 67561 31960 01214 10168 20084 48562 70500
                   333 10288 20127 58014=
200908240600 AAXX 24064 67561 31965 00905 10190 N20089 48550 70500
                   333 10267 20127 59001
                   555 00/// BB109 CC127 DD/// Q1023.3=
200908201200 AAXX 20124 67561 NIL=
200908200600 AAXX 20064 67561 31910 00000 10151 20081 48523 70400
                   333 10289 20085 59005=
200908191200 AAXX 19124 67561 NIL=
200908190600 AAXX 19064 67561 31935 50000 10137 20078 48526 70411 80008
                   333 10269 20082 59012 85280=
200908181200 AAXX 18124 67561 41970 02005 10261 20046 48516 70500
                   333 59011=
200908180600 AAXX 18064 67561 31970 00902 16129 20066 48537 70500
                   333 10259 20079 59011=
200908140400 AAXX 14044 67561 41950 00000 10121 20062 48517 70400
                   333 58008=
200908120900 AAXX 12094 67561 41970 01206 10251 20071 48545 70500
                   333 59017=
200908101200 AAXX 10124 67561 42780 10905 10270 20100 48523 81100
                   333 59006 81856=
200908100600 AAXX 10064 67561 31975 00807 10166 20102 48559 70500
                   333 10278 20112 59009=
200908071500 AAXX 07154 67561 41970 71009 10226 20067 48548 70522 8703/
                   333 58016 87361=
200908070600 AAXX 07064 67561 31970 31111 10186 20072 48572 70500 83030
                   333 10286 20149 333 10286 20149 58006 83360=
200908061200 AAXX 06124 67561 41870 51104 10272 20068 48540 70511 85200
                   333 58000 85857=
200908060600 AAXX 06064 67561 31970 11112 10201 20096 48557 70500 81030
                   333 10282 20138 59002 81360=
200908051200 AAXX 05124 67561 42880 41302 10273 20094 48539 84101
                   333 58000 81080=
200908050600 AAXX 05064 67561 31970 00806 10186 20096 48568 70500
                   333 10286 20106 59004=
200908040600 AAXX 04064 67561 31958 20804 10176 20087 48557 70400 80001
                   333 10291 20104 58006 82080
                   555 00/// BB/// CC104 DD/// Q1024.2=

################################################################################
#  SYNOPS from 67563, Kafironda (Zambia) | 12-36S | 028-07E | 1243 m
################################################################################
200908251200 AAXX 25124 67563 NIL=

################################################################################
#  SYNOPS from 67571, Serenje (Zambia) | 13-14S | 030-13E | 1384 m
################################################################################
200908251200 AAXX 25124 67571 NIL=

################################################################################
#  SYNOPS from 67575, Mkushi (Zambia) | 13-38S | 029-53E | 1237 m
################################################################################
200908251200 AAXX 25124 67575 NIL=

################################################################################
#  SYNOPS from 67580, Msekera (Zambia) | 13-39S | 032-34E | 1025 m
################################################################################
200908260900 AAXX 26094 67580 41670 20605 10239 20090 48/// 70500 82100 59014 81820=
200908251200 AAXX 25124 67580 NIL=
200908170900 AAXX 17094 67580 41670 11211 10204 20064 70500 81100
                   333 59011 81840=
200908100900 AAXX 10094 67580 41570 70909 10256 20101 48/// 70522 87100
                   333 5//// 87836=
200908060900 AAXX 06094 67580 41670 51214 10262 20089 48/// 70510 82130
                   333 58005 82835 85362=

################################################################################
#  SYNOPS from 67581, Chipata (Zambia) | 13-33S | 032-35E | 1028 m
################################################################################
200908310600 AAXX 31064 67581 32982 01705 10211 20078 48574
                   333 10280 20185 59003=
200908271200 AAXX 27124 67581 NIL=
200908261200 AAXX 26124 67581 41675 20904 10259 20090 48555 70500 81130
                   333 59011 81840 81360=
200908251200 AAXX 25124 67581 NIL=
200908250600 AAXX 25064 67581 31965 10912 10181 20065 48578 70500 81030
                   333 10267 20138 58021=
200908201200 AAXX 20124 67581 NIL=
200908200600 AAXX 20064 67581 32980 00607 10216 20121 48538
                   333 10277 20159 59013=
200908191200 AAXX 19124 67581 41875 12106 10265 20094 48517 70500 81101 59016 81857 81081=
200908190600 AAXX 19064 67581 32980 20903 10180 20099 48544 80002
                   333 10264 20099 59013 82080=
200908180600 AAXX 18064 67581 32980 01206 10190 20070 48556
                   333 10230 20120 59011=
200908170900 AAXX 17094 67581 42980 01204 10216 20052 48573 70500
                   333 58004=
200908170600 AAXX 17064 67581 32980 01510 10162 20058 48563
                   333 10267 20136 59005=
200908130600 AAXX 13064 67581 32980 00803 10215 20120 48538
                   333 10288 20130 58017 Q1019.9=
200908120900 AAXX 12094 67581 41975 00704 10259 20098 48560 70500 59019=
200908100900 AAXX 10094 67581 41670 50804 10238 20106 48579 70521 85100
                   333 59012 85840=
200908100600 AAXX 10064 67581 31980 11005 10216 20106 48570 81030
                   333 10253 20136 59010 81365=
200908071200 AAXX 07124 67581 NIL 67633 NIL 67641
                   NIL 67663 NIL 67665 41770 40812 10231 20090
                   48580 70500 84100 33 58008 84856=
200908070600 AAXX 07064 67581 32982 20910 10215 20094 48584 82030
                   333 10269 20185 58010 82360=
200908060600 AAXX 06064 67581 31980 20907 10223 20107 48577 82030
                   333 10268 20176 58001 82361=
200908051200 AAXX 05124 67581 42680 50604 10275 20129 48560 84230
                   333 5//// 84840 82360=
200908050900 AAXX 05094 67581 42680 20815 10260 20128 48581 82100
                   333 5//// 82830=
200908050600 AAXX 05064 67581 32680 20908 10218 20132 48576 82100
                   333 10281 20139 58001 82830=

################################################################################
#  SYNOPS from 67583, Lundazi (Zambia) | 12-17S | 033-12E | 1143 m
################################################################################
200908310600 AAXX 31064 67583 31975 01803 10204 20101 70500
                   333 10289 20117 5////=
200908251200 AAXX 25124 67583 NIL=
200908120900 AAXX 12094 67583 41975 01901 10259 20080 48/// 70500
                   333 5////=

################################################################################
#  SYNOPS from 67599, Mfuwe (Zambia) | 13-16S | 031-56E | 568 m
################################################################################
200908271200 AAXX 27124 67599 41957 03005 10320 20130 48564 70500
                   333 59022=
200908260900 AAXX 26094 67599 41959 01807 10260 20124 48518 70500
                   333 59013 Q1024.7=
200908260600 AAXX 26064 67599 31960 01207 10195 20126 48587 70500
                   333 10315 20//0 59009 Q1025.7=
200908251500 AAXX 25154 67599 41960 61806 10288 20096 48579 70522 86070
                   333 58023 86360=
200908251200 AAXX 25124 67599 41659 20705 10294 20115 48583 70500 82100
                   333 58028 82850=
200908250600 AAXX 25064 67599 31978 12403 10200 20114 48589 70500 81030
                   333 10340 20//0 58034 81360 Q1026.6=
200908241200 AAXX 24124 67599 41959 30907 10320 20080 48574 70500 83080
                   333 58004 83080 Q1019.1=
200908201500 AAXX 20154 67599 41958 30000 10315 20132 48539 70500 80002
                   333 58004 83080=
200908201200 AAXX 20124 67599 41958 01504 10320 20121 48546 70500
                   333 59006=
200908200900 AAXX 20094 67599 41958 00000 10285 20135 48567 70500
                   333 59010=
200908200600 AAXX 20064 67599 31958 00000 10199 20119 48542 70500
                   333 10320 20/// 59017=
200908191500 AAXX 19154 67599 41970 10000 20300 20154 48531 70500 80001
                   333 59022 81080=
200908191200 AAXX 19124 67599 41975 10000 10300 20144 48549 70500 80001
                   333 59018 81080=
200908190600 AAXX 19064 67599 32980 10000 10165 20112 48544 81030
                   333 10300 20//0 59019 81360=
200908181500 AAXX 18154 67599 41975 00000 10285 20101 48546 70500
                   333 59020=
200908181200 AAXX 18124 67599 41975 02405 10290 20107 48560 70500
                   333 59011=
200908180900 AAXX 18094 67599 42980 01305 10250 20106 48587
                   333 59008 Q1023.2=
200908170900 AAXX 17094 67599 41675 11109 10252 20093 48608 70500 81100
                   333 59005 81830=
200908170600 AAXX 17064 67599 31975 01415 10196 20086 48581 70500
                   333 10300 20//0 59003=
200908130900 AAXX 13094 67599 41960 00904 10288 20145 48564 70500
                   333 59022 Q1019.2=
200908121200 AAXX 12124 67599 41959 01507 10315 20121 48558 70500
                   333 59017 Q1017.5=
200908120900 AAXX 12094 67599 41958 03505 10285 20144 48581 70500
                   333 59014=
200908120600 AAXX 12064 67599 31958 00000 10180 20111 48557 70500
                   333 10341 20/// 59013=
200908101500 AAXX 10154 67599 41959 10000 10290 20137 48561 70500 81030
                   333 59010 81360=
200908101200 AAXX 10124 67599 42980 31008 10310 20155 48584 83030
                   333 59003 83360=
200908100600 AAXX 10064 67599 31960 00000 10195 20129 48572 70500
                   333 10320 20//0 59016=
200908071500 AAXX 07154 67599 42960 50304 10280 20127 48579 70122 85070
                   333 59002 85362=
200908071200 AAXX 07124 67599 42960 71212 10295 20126 48582 87070
                   333 58011 87360=
200908061200 AAXX 06124 67599 41759 51312 10307 20118 48582 70522 85200
                   333 58012 85857=
200908060600 AAXX 06064 67599 31959 00908 10240 20144 48507 70500
                   333 10336 20//0 58003=
200908051500 AAXX 05154 67599 42980 30905 10304 20140 48566 83030
                   333 59009 83360=
200908050900 AAXX 05094 67599 42680 31110 10304 20145 48591 83100
                   333 59004 83840=
200908050600 AAXX 05064 67599 31959 00000 10220 20148 48580 70500
                   333 10340 20//0 58000=
200908040600 AAXX 04064 67599 31959 20000 10200 20118 48575 70500 82030
                   333 10335 20//0 58005 82360 Q1024.0=
200908010600 AAXX 01064 67599 32980 00000 10180 20129 48558 70500
                   333 20/// 59005=

################################################################################
#  SYNOPS from 67633, Mongu (Zambia) | 15-15S | 023-09E | 1052 m
################################################################################
200908310600 AAXX 31064 67633 31970 00904 10174 20035 48552 70500
                   333 10314 20134 59002=
200908271200 AAXX 27124 67633 NIL=
200908261200 AAXX 26124 67633 41970 01805 10280 20034 48542 70500 59002=
200908260900 AAXX 26094 67633 41970 10905 10255 20050 48564 70500 80001
                   333 59008 81080 Q1022.7=
200908251200 AAXX 25124 67633 41970 00908 10280 20048 48542 70500
                   333 58007=
200908250600 AAXX 25064 67633 31970 01210 10175 20046 48553 70500
                   333 10305 20140 58015=
200908201200 AAXX 20124 67633 NIL=
200908200600 AAXX 20064 67633 31970 01802 10175 20072 48521 70500
                   333 10314 20128 59003=
200908191200 AAXX 19124 67633 NIL=
200908190600 AAXX 19064 67633 31970 10000 10149 20072 48524 70500 80002
                   333 10248 20081 58005 81080=
200908181200 AAXX 18124 67633 41970 11803 10270 20027 48522 70500 80001
                   333 59012 81080=
200908180600 AAXX 18064 67633 31970 10912 10140 20036 48532 70500 80001
                   333 10280 20110 59008 81080=
200908130900 AAXX 13094 67633 41970 01004 10275 20060 48536 70500
                   333 59012 Q1019.2=
200908130400 AAXX 13044 67633 41970 01004 10275 20060 48536 70500
                   333 59012 Q1019.2=
200908100600 AAXX 10064 67633 31970 01006 10162 20068 48545 70500
                   333 10282 20128 59005=
200908070600 AAXX 07064 67633 31970 01203 10175 20094 48549 70500
                   333 10308 20132 59001=
200908061200 AAXX 06124 67633 41970 00904 10290 20040 48545 70500
                   333 58000=
200908060900 AAXX 06094 67633 41970 01013 10270 20049 48571 70500 58006=
200908060600 AAXX 06064 67633 31970 01004 10180 20078 48552 70500
                   333 10308 20140 58004=
200908050900 AAXX 05094 67633 41970 30905 10255 20177 48560 70500 80002
                   333 59007 83080=
200908050600 AAXX 05064 67633 31970 10806 10160 20065 48544 70500 80001
                   333 10308 20140 59004 81080=

################################################################################
#  SYNOPS from 67641, Kaoma (Zambia) | 14-48S | 024-48E | 1213 m
################################################################################
200908310600 AAXX 31064 67641 31975 00401 10156 20058 48543 70500
                   333 10305 20059 58001=
200908271200 AAXX 27124 67641 NIL=
200908251200 AAXX 25124 67641 NIL=
200908250600 AAXX 25064 67641 NIL=
200908201200 AAXX 20124 67641 NIL=
200908200600 AAXX 20064 67641 31980 10901 10133 20071 48505 70500 80001
                   333 10299 20075 59012 81080=
200908191200 AAXX 19124 67641 NIL=
200908190600 AAXX 19064 67641 31980 00901 10117 20074 48514 70500
                   333 10274 20060 59014=
200908181200 AAXX 18124 67641 NIL=
200908180600 AAXX 18064 67641 31980 00801 10100 20060 48524 70500
                   333 10260 20065 59005=
200908100600 AAXX 10064 67641 31980 00302 10096 20075 48534 70500
                   333 10280 20090 5////=
200908070600 AAXX 07064 67641 NIL=

################################################################################
#  SYNOPS from 67655, Mumbwa (Zambia) | 15-04S | 027-11E | 1216 m
################################################################################
200908251200 AAXX 25124 67655 NIL=
200908181200 AAXX 18124 67655 41980 00000 10235 20060 48528 70500
                   333 59018=
200908180600 AAXX 18064 67655 32980 00905 10135 20064 48547
                   333 10246 20109 59009 Q1024.0=
200908150400 AAXX 15044 67655 42980 01005 10127 20101 48559
                   333 58035 Q1024.7=
200908142100 AAXX 14214 67655 42980 01204 10142 20065 48554
                   333 58027 Q1023.9=
200908141200 AAXX 14121 67655 42980 01204 10289 20056 48530
                   333 58012=
200908130900 AAXX 13094 67655 41925 00000 10258 20066 48550 70500
                   333 59011 Q1021.2=
200908120600 AAXX 12064 67655 32980 00905 10185 20050 48546
                   333 10279 20116 59020=
200908040600 AAXX 04064 67655 31978 50000 10150 20064 48559 70500 80008
                   333 10270 20106 59004 85278 Q1025.0=

################################################################################
#  SYNOPS from 67659, Kafue Polder (Zambia) | 15-46S | 027-55E | 978 m
################################################################################
200908251200 AAXX 25124 67659 NIL=

################################################################################
#  SYNOPS from 67662, Kabwe Agric (Zambia) | 14-24S | 028-30E | 1165 m
################################################################################
200908251200 AAXX 25124 67662 NIL=

################################################################################
#  SYNOPS from 67663, Kabwe (Zambia) | 14-27S | 028-28E | 1206 m
################################################################################
200908310600 AAXX 31064 67663 31965 00902 10183 20055 48558 70500
                   333 10272 20107 59010=
200908271200 AAXX 27124 67663 NIL=
200908251200 AAXX 25124 67663 NIL=
200908250600 AAXX 25064 67663 31970 00808 10155 20084 48568 70500
                   333 10268 20115 58022=
200908241200 AAXX 24124 67663 41970 00903 10290 20039 48542 70500
                   333 58007 Q1019.6=
200908201200 AAXX 20124 67663 NIL=
200908200600 AAXX 20064 67663 31970 00903 10155 20091 48526 70500
                   333 10276 20110 58002=
200908191200 AAXX 19124 67663 NIL=
200908190600 AAXX 19064 67663 NIL=
200908181200 AAXX 18124 67663 NIL=
200908180600 AAXX 18064 67663 31970 00912 10139 20063 48527 70500
                   333 10223 20074 59016=
200908100600 AAXX 10064 67663 31970 00902 10164 20119 48546 70500
                   333 10256 20105 59013=
200908070600 AAXX 07064 67663 31970 41201 10163 20081 48560 70511 84030
                   333 10260 20126 58000 84360=
200908050600 AAXX 05064 67663 31970 00702 10178 20104 48557 70500
                   333 10255 20115 58008=

################################################################################
#  SYNOPS from 67665, Lusaka Internationalairport (Zambia) | 15-19S | 028-27E | 1152 m
################################################################################
200908310600 AAXX 31064 67665 31975 01005 10150 20043 48572 70500
                   333 10279 20102 59003=
200908301800 AAXX 30184 67665 42980 00904 10173 20070 48554
                   333 10279 58017=
200908301500 AAXX 30154 67665 42980 00610 10260 20045 48554 59010=
200908301200 AAXX 30124 67665 42980 00509 10259 20056 48561
                   333 59013=
200908300900 AAXX 30094 67665 42970 00410 10222 20090 48585
                   333 59011 Q1026.3=
200908300600 AAXX 30064 67665 32970 00707 10157 20114 48577
                   333 10253 20100 59009
                   555 00015 Q1026.3=
200908291200 AAXX 29124 67665 41670 10910 10241 20092 48571 70500 81100
                   333 58005 81840 555 Q1024.3=
200908290900 AAXX 29094 67665 41570 10511 10207 20113 48595 70500 81100
                   333 58007 81820=
200908290600 AAXX 29064 67665 31970 00710 10162 20125 48584 70500
                   333 10275 20090 58007=
200908281800 AAXX 28184 67665 41970 01203 10179 20065 48567 70500
                   333 58018=
200908281500 AAXX 28154 67665 41970 08011 10245 20061 48565 70500
                   333 58025=
200908281200 AAXX 28124 67665 41980 00611 10264 20065 48569 70500
                   333 58022=
200908280900 AAXX 28094 67665 41970 00911 10236 20061 48592 70500
                   333 58018 Q1026.7=
200908280600 AAXX 28064 67665 31970 01005 10157 20059 48579 70500
                   333 10266 20096 58019
                   555 00080 Q1026.5=
200908280400 AAXX 28044 67665 42980 01305 10110 20036 48551
                   333 59013=
200908280300 AAXX 28034 67665 42980 01104 10100 20086 48544
                   333 58009=
200908280000 AAXX 28004 67665 42980 01103 10118 20044 48541
                   333 59003=
200908272100 AAXX 27214 67665 42980 01303 10148 20033 48552
                   333 59001=
200908271800 AAXX 27184 67665 42980 01105 10166 20035 48547
                   333 10266 59006=
200908271200 AAXX 27124 67665 41970 00703 10255 20050 48546 70500
                   333 59015=
200908270900 AAXX 27094 67665 41980 00606 10219 20072 48572 70500
                   333 59014=
200908270600 AAXX 27064 67665 31980 01204 10159 20085 48560 70500
                   333 10252 20084 59019=
200908270400 AAXX 27044 67665 42980 01403 10083 20063 48538
                   333 59022 Q1023.0=
200908270300 AAXX 27034 67665 42980 01404 10075 20075 48532
                   333 59024 Q1022.4=
200908262100 AAXX 26214 67665 42980 01404 10126 20079 48551
                   333 59022 Q1023.7=
200908261200 AAXX 26124 67665 41670 11004 10238 20069 48557 70500 81100
                   333 59016 81845=
200908260900 AAXX 26094 67665 41575 10509 10206 20184 48584 70500 81100
                   333 59018 81825 Q1026.3=
200908260600 AAXX 26064 67665 31975 00909 10130 20130 48573 70500
                   333 10241 20077 59012
                   555 00065 Q1026.5=
200908260400 AAXX 26044 67665 42980 01305 10086 20086 48560
                   333 59010=
200908260300 AAXX 26034 67665 42980 01205 10088 20078 48556
                   333 59006=
200908252100 AAXX 25214 67665 42980 01204 10114 20063 48569
                   333 58001=
200908251800 AAXX 25184 67665 42980 00905 10152 20065 48567
                   333 10241 58006=
200908251500 AAXX 25154 67665 41975 00810 10224 20055 48559 70500
                   333 58007=
200908251200 AAXX 25124 67665 41775 10510 10226 20070 48572 70500 81100
                   333 58016 81850=
200908250900 AAXX 25094 67665 41975 00712 102003 20082 48560 70500
                   333 58025=
200908250600 AAXX 25064 67665 31975 00711 10150 20124 48588 70500
                   333 10269 20104 58026
                   555 00095 Q1027.8=
200908241500 AAXX 24154 67665 42680 10712 10236 20074 48555 81100
                   333 58013 81848 Q1022.5=
200908241200 AAXX 24124 67665 41675 30713 10258 20069 48561 70500 83100
                   333 58007 83839 Q1022.8=
200908240900 AAXX 24094 67665 41675 10511 10230 20088 48580 70500 81100
                   333 58002 81828 Q1025.5=
200908240600 AAXX 24064 67665 31975 01207 10159 20096 48564 70500
                   333 10275 20105 58000=
200908231800 AAXX 23184 67665 41970 00907 10176 20085 48552 70500
                   333 10275 58002=
200908231500 AAXX 23154 67665 41970 10909 10251 20059 48544 70500 81030
                   333 59001 81360=
200908231200 AAXX 23124 67665 41670 40807 10245 20100 48553 70500 84100
                   333 58005 84840=
200908230900 AAXX 23094 67665 41675 10509 10229 20130 48577 70500 81100
                   333 58011 81830=
200908230600 AAXX 23064 67665 31975 10803 10155 20139 48565 70500 81030
                   333 1-292 20112 58015 81360=
200908220900 AAXX 22094 67665 41560 10409 10239 20124 48569 70500 81100
                   333 58003 81820=
200908220600 AAXX 22064 67665 31960 00908 10166 20119 48552 70500
                   333 10286 20111 58005=
200908220400 AAXX 22044 67665 42980 10907 10111 20093 48537 81030
                   333 58009 81359=
200908220300 AAXX 22034 67665 42980 01105 10112 20084 48534
                   333 58012=
200908220000 AAXX 22004 67665 42980 01105 10124 20074 48533
                   333 58012=
200908212100 AAXX 21214 67665 42980 01103 10158 20060 48547
                   333 58011=
200908211800 AAXX 21184 67665 41959 01105 10182 20070 48539 70500
                   333 10286 58007=
200908211500 AAXX 21154 67665 41960 00806 10268 20073 48534 70500
                   333 58006=
200908211200 AAXX 21124 67665 41660 10908 10263 20076 48545 81100
                   333 58012 81847=
200908210900 AAXX 21094 67665 41975 00611 10261 20100 48569 70500
                   333 58013=
200908210600 AAXX 21064 67665 31970 00302 10167 20095 48548 70500
                   333 10291 20097 58014=
200908201800 AAXX 20184 67665 42980 01003 10175 20033 48533
                   333 10291 58011=
200908201500 AAXX 20154 67665 41980 01212 10268 20015 48528 70500
                   333 58018=
200908201200 AAXX 20124 67665 42980 11210 10286 20047 48537 80001
                   333 58012 81080=
200908200900 AAXX 20094 67665 41975 01204 10245 20087 48554 70500
                   333 58004 Q1022.2=
200908200600 AAXX 20064 67665 31975 01203 10155 20132 48533 70500
                   333 10269 20108 59012=
200908200300 AAXX 20034 67665 42980 01504 10107 20107 48506
                   333 59015 Q1019.0=
200908192100 AAXX 19214 67665 42980 01204 10124 20105 48524
                   333 59019 Q1020.8=
200908191800 AAXX 19184 67665 42980 01104 10171 20110 48521
                   333 10269 59020=
200908191500 AAXX 19154 67665 41970 02303 10256 20065 48509 70500
                   333 59024=
200908191200 AAXX 19124 67665 42980 02505 10247 20065 48520
                   333 59022=
200908190900 AAXX 19094 67665 42980 01005 10217 20084 48547
                   333 59025 Q1021.8=
200908190600 AAXX 19064 67665 32980 21204 10130 20113 48540 80001
                   333 10235 20080 59017 82080=
200908181800 AAXX 18184 67665 42980 01004 10147 20102 48537
                   333 10235 59018=
200908181500 AAXX 18154 67665 42980 00707 10221 20075 48528
                   333 59023=
200908181200 AAXX 18124 67665 42780 10406 10217 20070 48538 81101
                   333 59020 81850 81080=
200908180900 AAXX 18094 67665 42480 20409 10196 20089 48568 70500 82100
                   333 59017 82820 Q1024.6=
200908180600 AAXX 18064 67665 32980 00907 10125 20108 48556
                   333 10222 20065 59014=
200908180400 AAXX 18044 67665 42980 01703 10079 20079 48539
                   333 59013=
200908180300 AAXX 18034 67665 42980 01203 10075 20075 48531 59014=
200908171200 AAXX 17124 67665 41970 00507 10208 20064 48555 70500
                   333 59010=
200908170900 AAXX 17094 67665 41975 10511 10186 20064 48583 70500 81100
                   333 59007 81825=
200908170600 AAXX 17064 67665 32980 00805 10115 20096 48567
                   333 10246 20075 59010=
200908161500 AAXX 16154 67665 42980 00910 10216 20070 48560
                   333 59005=
200908161200 AAXX 16124 67665 42680 10912 10228 20075 48568 81100
                   333 59003 81840=
200908160900 AAXX 16094 67665 41580 30610 10203 20119 48591 70500 83500
                   333 59001 83622=
200908160600 AAXX 16064 67665 31970 00905 10135 20126 48580 70500
                   333 10255 20094 58008=
200908151800 AAXX 15184 67665 41970 00903 10165 20122 48575 70500
                   333 58030=
200908151500 AAXX 15154 67665 41980 10610 10229 20110 48566 70500 81030
                   333 58031 81360=
200908150900 AAXX 15094 67665 41959 00812 10215 20127 48595 70500
                   333 58036 Q1027.4=
200908150600 AAXX 15064 67665 31959 00908 10152 20132 48574 70500
                   333 10300 20135 58034
                   555 00100 Q1026.2=
200908141200 AAXX 14124 67665 41970 00609 10278 20062 48545 70500
                   333 58022=
200908140600 AAXX 14064 67665 31970 01202 10165 20108 48543 70500
                   333 10292 20114 58014=
200908140300 AAXX 14034 67665 42980 00000 10125 20067 48522
                   333 58010=
200908140000 AAXX 14004 67665 42980 01503 10133 20014 48520
                   333 58006=
200908132100 AAXX 13214 67665 42980 01203 10135 20079 48529
                   333 58001=
200908131800 AAXX 13184 67665 42975 01003 10181 20060 48526
                   333 10292 59003=
200908131200 AAXX 13124 67665 41975 00904 10275 20061 48512 70500
                   333 59012=
200908130900 AAXX 13094 67665 41980 01404 10097 20079 48512 70500
                   333 59037 Q1021.3=
200908130600 AAXX 13064 67665 31970 01002 10168 2116 48532 70500
                   333 59022 Q1020.9=
200908130400 AAXX 13044 67665 41980 01404 10097 20079 48512 70500
                   333 59037=
200908130300 AAXX 13034 67665 41980 01303 10090 20080 48508 70500
                   333 59024=
200908122100 AAXX 12214 67665 41980 01204 10144 20089 48528 70500
                   333 59021=
200908121200 AAXX 12124 67665 41970 00305 10267 20071 48533 70500
                   333 59027 Q1019.6=
200908120900 AAXX 12094 67665 41960 00704 10241 20066 48562 70500
                   333 59020=
200908120600 AAXX 12064 67665 31960 01204 10156 20108 48551 70500
                   333 10271 20085 59016=
200908111800 AAXX 11184 67665 41959 01104 10179 20105 48546 70500
                   333 10271 59005=
200908111500 AAXX 11154 67665 41960 00705 10255 20104 48547 70500
                   333 58000=
200908111200 AAXX 11124 67665 41680 10605 10254 20089 48557 70500 81100
                   333 58003 81840=
200908110900 AAXX 11094 67665 41570 10607 10240 20115 48581 70500 81100
                   333 58000 81825=
200908110600 AAXX 11064 67665 31970 01104 10165 20131 48568 70500
                   333 10253 20105 58000=
200908101800 AAXX 10184 67665 42980 01104 10165 20122 48546
                   333 10253 59009=
200908101500 AAXX 10154 67665 42980 10707 10241 20126 48545 80001
                   333 59012 81080=
200908101200 AAXX 10124 67665 42780 20809 10249 20125 48554 82100
                   333 59012 82850=
200908100900 AAXX 10094 67665 42680 10910 10220 20118 48578 81100
                   333 59017 81830 Q1025.5=
200908100600 AAXX 10064 67665 32980 01005 10143 20124 48563
                   333 10245 20094 59011=
200908100400 AAXX 10044 67665 42980 01305 10101 20101 48550
                   333 59008 Q1024.0=
200908090900 AAXX 09094 67665 42480 20511 10208 20114 48588 82100
                   333 59012 8285 Q1026.2=
200908090600 AAXX 09064 67665 32980 01104 10137 20120 48574
                   333 10235 20089 59010
                   555 00023 Q1026.3=
200908081800 AAXX 08184 67665 42980 11105 10142 20096 48562 81030
                   333 59004 81360 Q1024.9=
200908081500 AAXX 08154 67665 42680 40810 10214 20112 48567 84830
                   333 58002 82848 81360 Q1024.4=
200908081200 AAXX 08124 67665 42680 60710 10218 20117 48573 86800
                   333 58004 86840 81360 Q1025.4=
200908080600 AAXX 08064 67665 32975 70709 10157 20107 48585 70522 87030
                   333 10257 20105 58005 87360=
200908080400 AAXX 08044 67665 42980 60902 10126 20104 48565 86030
                   333 58010 86360=
200908080300 AAXX 08034 67665 41960 70704 1028 20109 48566 70522 87030 58008 87360=
200908072100 AAXX 07214 67665 41960 11204 10131 20100 48575 70500 81030
                   333 58013 81360=
200908071800 AAXX 07184 67665 42980 11105 10154 20100 48558 81030
                   333 10257 58009 81360=
200908071500 AAXX 07154 67665 42970 20810 10229 20088 48568 82030
                   333 58009 82359=
200908071200 AAXX 07124 67665 41770 40812 10231 20090 48580 70500 84100 33 58008 84856=
200908070600 AAXX 07064 67665 32975 01005 10158 20084 48580 70500
                   333 10255 20100 58010=
200908061800 AAXX 06184 67665 42980 11204 10168 20107 48562 81030
                   333 10255 58004 81360=
200908061500 AAXX 06154 67665 42780 50906 10228 20119 48560 70521 85130
                   333 58007 85850 83360=
200908061200 AAXX 06124 67665 41660 70607 10232 20144 48566 70522 84230
                   333 58007 84835 85360=
200908060900 AAXX 06094 67665 41560 60713 10231 20148 48585 70500 85230
                   333 59002 85820 82360=
200908060600 AAXX 06064 67665 31970 31304 10147 20139 48570 70500 83030
                   333 10270 20130 59002 83360=
200908051800 AAXX 05184 67665 42980 11105 10179 20120 48560 81030
                   333 10270 59003 81360=
200908051500 AAXX 05154 67665 42859 40704 10239 20124 48554 70522 84130
                   333 58000 84857 81359=
200908051200 AAXX 05124 67665 42680 50709 10265 20127 48565 70522 85200
                   333 59009 85845=
200908050900 AAXX 05094 67665 42680 30708 10236 20138 48558 83100
                   333 58005 83832=
200908050600 AAXX 05064 67665 31970 21203 10158 20132 48574 70500 82030
                   333 10271 20116 58006 82360=
200908050300 AAXX 05034 67665 42980 01404 10121 20104 48553
                   333 58005 Q1024.1=
200908041800 AAXX 04184 67665 42980 00905 10173 20111 48561
                   333 10270 59001=
200908040600 AAXX 04064 67665 31980 01304 10137 20101 48565 70500
                   333 10274 20083 58005
                   555 00056 Q1025.3=
200908031500 AAXX 03154 67665 41970 00906 10255 20064 48553 70500
                   333 58002 Q1021.9=
200908030900 AAXX 03094 67665 41970 00903 10246 20069 48577 70500
                   333 59001=
200908030600 AAXX 03064 67665 32980 01003 10162 20046 48563 70500
                   333 10264 20090 58009=
200908030400 AAXX 03044 67665 41970 01403 10121 20040 48547 70500
                   333 58017=
200908030300 AAXX 03034 67665 41960 01205 10120 20066 48555
                   333 58018=
200908022100 AAXX 02214 67665 41960 01504 10126 20090 48557 70500 58023=
200908020900 AAXX 02094 67665 42980 01011 10217 20094 48575 70500
                   333 58017=
200908020600 AAXX 02064 67665 31960 11310 10158 20138 48555 70500 80002
                   333 10290 20098 58804 81080=
200908011800 AAXX 01184 67665 41959 01004 10184 20143 48538 70500
                   333 10290 59006=
200908011500 AAXX 01154 67665 41958 00403 10264 20115 48529 70500
                   333 59008=
200908011200 AAXX 01124 67665 41959 03503 10269 20100 48540 70500
                   333 59004=
200908010600 AAXX 01064 67665 31980 20904 10138 20121 48548 70500 80001
                   333 10265 20096 59004 82080=

################################################################################
#  SYNOPS from 67666, Lusaka City Airport (Zambia) | 15-25S | 028-19E | 1280 m
################################################################################
200908310600 AAXX 31064 67666 31975 00906 10170 20064 48567 70500
                   333 10266 20096 59002 Q1024.9=
200908260900 AAXX 26094 67666 42480 10506 10208 20075 48572 81100
                   333 59012 81818=
200908251200 AAXX 25124 67666 42680 10708 10224 20065 48559 81100
                   333 58012 81830=
200908250600 AAXX 25064 67666 31978 00915 10143 20081 48581 70500 3334 10254 20202 58078
                   Q1028.8=
200908241200 AAXX 24124 67666 42680 30908 10244 20051 48549 83100
                   333 58009 83830 Q1022.0=
200908240600 AAXX 24064 67666 31975 01008 10165 200-60 48509 70500
                   333 10255 20120 59006 Q1023.9=
200908201200 AAXX 20124 67666 42980 00705 10270 20034 48525
                   333 58013=
200908200900 AAXX 20094 67666 42980 00702 10245 20067 48543
                   333 58004=
200908200600 AAXX 20064 67666 31978 00804 10176 20083 48537 70500
                   333 10279 20118 59021=
200908191200 AAXX 19124 67666 42980 00402 10245 20065 48571
                   333 59020=
200908190600 AAXX 19064 67666 31970 40804 10142 20070 48534 70500 80001
                   333 10225 20100 59017 84080=
200908181200 AAXX 18124 67666 42980 00702 10210 20060 48528
                   333 59020=
200908180600 AAXX 18064 67666 31978 00908 10135 20056 48551 70500
                   333 10210 20090 59012 Q1023.3=
200908170900 AAXX 17094 67666 41978 00912 10180 20041 48571 70500
                   333 59010=
200908170600 AAXX 17064 67666 31975 00910 10116 20065 48560 70500
                   333 10233 20090 59015=
200908141200 AAXX 1412/ 67666 41770 11305 10270 20114 48525 70500 81100
                   333 58027 81850=
200908130900 AAXX 13094 67666 41970 00608 10259 20056 48547 70500
                   333 59018 Q1021.3=
200908130600 AAXX 13064 67666 31980 00903 10200 20102 48529 70500
                   333 10275 20130 59021 Q1020.0=
200908121200 AAXX 12124 67666 42980 00000 10265 20106 48524
                   333 59025=
200908120900 AAXX 12094 67666 42980 00903 10244 20105 48549
                   333 59003=
200908120600 AAXX 12064 67666 31975 01005 10175 20095 48547 70500
                   333 10256 20130 59014=
200908100900 AAXX 10094 67666 42580 10907 10210 20126 48569 81100
                   333 59011 81825=
200908100600 AAXX 10064 67666 31975 00909 10160 20107 48558 70500
                   333 10238 20130 59013=
200908060900 AAXX 06094 67666 42480 40909 10230 20141 48575 84230
                   333 59002 84818 81360=
200908060600 AAXX 06064 67666 31978 30908 10175 20134 48570 83030
                   333 10257 20140 58000=
200908050900 AAXX 05094 67666 42580 23006 10228 20135 48577 82100
                   333 58004 82820=
200908050600 AAXX 05064 67666 31980 33008 10180 20110 48570 70500 83030
                   333 10265 20140 58007 83359=
200908040600 AAXX 04064 67666 31965 00902 10165 20082 48562 70500
                   333 10260 20113 58002 Q1024.3=

################################################################################
#  SYNOPS from 67667, Mount Makulu (Zambia) | 15-33S | 028-15E | 1213 m
################################################################################
200908251200 AAXX 25124 67667 NIL=

################################################################################
#  SYNOPS from 67673, Petauke (Zambia) | 14-15S | 031-17E | 1035 m
################################################################################
200908260900 AAXX 26094 67673 41670 20802 10221 20094 48594 705000 82100
                   333 59009 82830=
200908251200 AAXX 25124 67673 NIL=

################################################################################
#  SYNOPS from 67731, Senanga (Zambia) | 16-06S | 023-16E | 1027 m
################################################################################
200908251200 AAXX 25124 67731 NIL=

################################################################################
#  SYNOPS from 67741, Sesheke (Zambia) | 17-28S | 024-18E | 949 m
################################################################################
200908251200 AAXX 25124 67741 NIL=

################################################################################
#  SYNOPS from 67743, Livingstone (Zambia) | 17-49S | 025-49E | 985 m
################################################################################
200908310600 AAXX 31064 67743 32975 00000 10160 20055 48566 70500
                   333 10300 20108 58000=
200908271200 AAXX 27124 67743 NIL=
200908260600 AAXX 26064 67743 31970 00905 10145 20055 48569 70500
                   333 10290 20//0 59016
                   555 00070 BB/// CC095 DD140 Q1025.5=
200908251200 AAXX 25124 67743 NIL=
200908250600 AAXX 25064 67743 32980 00907 10160 20064 48588
                   333 10295 20115 58034=
200908241200 AAXX 24124 67743 42780 40711 10280 20080 48567 84200
                   333 5//// 84857 Q1021.7=
200908240600 AAXX 24064 67743 31975 20903 10180 20078 48557 70500 82030
                   333 10308 20080 58014 82360
                   555 00105 BB/// CC080 DD191 Q1023.5=
200908201200 AAXX 20124 67743 42975 01404 10265 20066 48535 70500
                   333 58020=
200908200900 AAXX 20094 67743 42980 01405 10214 20039 48553
                   333 58012=
200908200600 AAXX 20064 67743 31972 01505 10151 20023 48540 70500
                   333 10253 20118 58003=
200908191200 AAXX 19124 67743 41980 41980 00000 10280 20048 48521 70500
                   333 59028=
200908190600 AAXX 19064 67743 NIL=
200908181200 AAXX 18124 67743 41975 20810 10250 20056 48543 70500 80002
                   333 59015 82080=
200908180600 AAXX 18064 67743 31980 00705 10145 20044 48555 70500
                   333 10253 20095 59015=
200908121200 AAXX 12124 67743 41970 01403 10287 20064 48533 70500
                   333 59022=
200908120600 AAXX 12064 67743 31970 00000 10115 20095 48537 70500
                   333 10300 20107 59021=
200908101500 AAXX 10154 67743 41970 31207 10264 20069 48544 70500 80001
                   333 59013 83080=
200908100900 AAXX 10094 67743 41970 00907 10237 20072 48580 70500
                   333 59016=
200908100600 AAXX 10064 67743 31970 01603 10130 20070 48554 70500
                   333 10270 20693 5////=
200908071200 AAXX 07124 67743 NIL 67753 NIL=
200908070600 AAXX 07064 67743 31970 21004 10190 20103 48579 70500 82500
                   333 10294 20115 58009 82656=
200908061200 AAXX 06124 67743 41770 31009 10280 20085 48566 70500 83100
                   333 58007 83857=
200908060900 AAXX 06094 67743 41770 10905 10252 20097 48587 70500 81130
                   333 58004 81360=
200908060600 AAXX 06064 67743 31970 00000 10142 20093 48558 70500
                   333 10307 20105 59001=
200908050600 AAXX 05064 67743 31970 30000 10142 20073 48561 70500 80002
                   333 10316 20105 58004 83080=
200908040600 AAXX 04064 67743 31970 00000 10115 20041 48550
                   333 10266 20061 59012
                   555 00040 BB/// CC061 DD063 Q1024.2=
200908010600 AAXX 01064 67743 31965 00000 10130 20084 48535 70500
                   333 10310 20105 59003=

################################################################################
#  SYNOPS from 67751, Magoye (Zambia) | 16-00S | 027-36E | 1018 m
################################################################################
200908251200 AAXX 25124 67751 NIL=

################################################################################
#  SYNOPS from 67753, Choma (Zambia) | 16-50S | 027-04E | 1213 m
################################################################################
200908310600 AAXX 31064 67753 31960 00608 10184 20079 48/// 70500
                   333 10265 20052 5////=
200908271200 AAXX 27124 67753 NIL=
200908251200 AAXX 25124 67753 NIL=
200908250600 AAXX 25064 67753 NIL=
200908201200 AAXX 20124 67753 NIL=
200908200600 AAXX 20064 67753 31960 01008 10126 20172 48/// 70500
                   333 10261 20064 5////=
200908191200 AAXX 19124 67753 NIL=
200908190600 AAXX 19064 67753 NIL=
200908181200 AAXX 18124 67753 NIL=
200908180600 AAXX 18064 67753 31960 03605 10141 20069 70500
                   333 10213 20035=
200908120600 AAXX 12064 67753 31960 00907 10149 20088 48/// 70500
                   333 10259 20066 5////=
200908100600 AAXX 10064 67753 31960 10605 10128 20076 48/// 70500 80001
                   333 10237 20055 5//// 81080=
200908070600 AAXX 07064 67753 31960 00910 10161 20072 48/// 70500
                   333 10267 20096 5////=
200908060600 AAXX 06064 67753 31960 20905 10174 20118 48/// 70500 81030
                   333 10269 20111 5//// 81360=
200908050600 AAXX 05064 67753 31960 00605 10184 20094 48/// 70500
                   333 10261 20109 5////=

################################################################################
#  SYNOPS from 67855, Lupaki (Zambia) | 17-03-00S | 024-46-00E | 1000 m
################################################################################
200908210600 AAXX 21064 67855 32980 00000 10058 21004 38/// 48///
                   333 20014 5////=
